0.1063093693	0.1259239466	-0.0206916899
0.1063093693	0.2094425106	-0.0395652091
0.1063093693	0.2879194438	-0.0587990038
0.1063093693	0.1259239466	-0.0044475069
0.1063093693	0.2094425106	-0.011692452
0.1063093693	0.294081771	-0.0216709697
0.1063093693	0.1232975286	0.0130225675
0.1063093693	0.2094425106	0.0176103632
0.1063093693	0.1206602124	0.0295176599
0.1063093693	0.2071301932	0.0473778173
0.1063093693	0.1153524289	0.046058262
0.1063093693	0.2071301932	0.0790471452
0.1063093693	0.1046009488	0.0684907025
0.1063093693	0.1978010478	0.1212729156
0.1063093693	0.2712225268	0.1503031328
0.1063093693	0.0881189526	0.0922426984
0.1063093693	0.0711852554	0.106757807
0.1063093693	0.0508151002	0.1199533603
0.1063093693	0.0235624159	0.1278706922
0.1063093693	0.0046647948	0.1265511369
0.1063093693	-0.0148737257	0.1212729156
0.1063093693	-0.0316864712	0.1080773623
0.1063093693	-0.0455107882	0.0909231431
0.1063093693	-0.0561111988	0.0764080345
0.1063093693	-0.0669215526	0.0579342599
0.1063093693	-0.1800497898	0.1397466902
0.1063093693	-0.0705734847	0.0434275342
0.1063093693	-0.0742503451	0.0319798138
0.1063093693	-0.0779525637	0.0234826523
0.1063093693	-0.0779525637	0.0130225675
0.1063093693	-0.0779525637	0.0041198487
0.1063093693	-0.0779525637	-0.0086149357
0.1063093693	-0.0779525637	-0.0255487586
0.1063093693	-0.0742503451	-0.0386551354
0.1063093693	-0.0669215526	-0.0545532957
0.1063093693	-0.0596908115	-0.0654508135
0.1063093693	-0.0490215585	-0.0767014973
0.1063093693	-0.0385555605	-0.0874986029
0.1063093693	-0.0215386533	-0.0964251184
0.1063093693	-0.0017741664	-0.1022203652
0.1063093693	0.0173311937	-0.1057824812
0.1063093693	0.0358297753	-0.1864545185
0.1063093693	0.0448661173	-0.1078983682
0.1063093693	0.0881189526	-0.1853685474
0.1063093693	0.1465560139	-0.2648957896
0.1063093693	0.2163326172	-0.3357447789
0.1063093693	0.2837816553	-0.3961220894
0.1063093693	0.3530017568	-0.4528200106
0.1063093693	0.0711852554	-0.1071948285
0.1063093693	0.1285395785	-0.175986318
0.1063093693	0.1907183573	-0.2445015663
0.1063093693	0.2541231783	-0.3013835431
0.1063093693	0.3221660457	-0.3583391252
0.1063093693	0.0881189526	-0.1000612114
0.1063093693	0.1516124763	-0.1610767613
0.1063093693	0.2163326172	-0.2169715794
0.1063093693	0.2879194438	-0.2717268522
0.1063093693	0.099155288	-0.0912532033
0.1063093693	0.1690074346	-0.1466475227
0.1063093693	0.236596236	-0.1960679676
0.1063093693	0.3062508441	-0.2463221582
0.1063093693	0.1073061109	-0.0836917058
0.1063093693	0.1787445175	-0.1347167079
0.1063093693	0.2476021148	-0.1798829824
0.1063093693	0.1153524289	-0.0751231212
0.1063093693	0.1883407261	-0.1209464993
0.1063093693	0.2584370775	-0.1645809648
0.1063093693	0.1180118844	-0.0646285474
0.1063093693	0.1954484446	-0.1064895364
0.1063093693	0.2669863591	-0.1447949068
0.1063093693	0.1232975286	-0.0493639775
0.1063093693	0.2024817333	-0.0844573567
0.1063093693	0.2754335537	-0.1175698187
0.1063093693	0.1259239466	-0.0368249379
0.1063093693	0.2071301932	-0.0629762253
0.1063093693	0.2837816553	-0.0897575239
0.2055718684	0.1062965552	-0.0008990048
0.2055718684	0.1920409993	-0.0054036734
0.2055718684	0.2739249365	-0.0114952466
0.2055718684	0.3639449233	-0.020688118
0.2055718684	0.1047920487	0.0136097323
0.2055718684	0.1920409993	0.0220420524
0.2055718684	0.275167157	0.0275887528
0.2055718684	0.3684558366	0.0313440377
0.2055718684	0.1032848436	0.0288353077
0.2055718684	0.18931504	0.050867932
0.2055718684	0.2726810452	0.0710810285
0.2055718684	0.3662029995	0.0920904687
0.2055718684	0.1002622886	0.0415955075
0.2055718684	0.1852102441	0.0798890367
0.2055718684	0.263926548	0.1165889442
0.2055718684	0.3514304734	0.1544082212
0.2055718684	0.0926578142	0.0569891122
0.2055718684	0.1755572253	0.1123432361
0.2055718684	0.2512736898	0.1656458571
0.2055718684	0.3364279328	0.2237982786
0.2055718684	0.0834399541	0.0703594596
0.2055718684	0.1601696261	0.1446336713
0.2055718684	0.2293525569	0.2237982786
0.2055718684	0.0694180378	0.085921383
0.2055718684	0.1329295307	0.1819058752
0.2055718684	0.1906790713	0.2858173789
0.2055718684	0.053552451	0.1000064106
0.2055718684	0.1017749276	0.2145697741
0.2055718684	0.0357356891	0.110664284
0.2055718684	0.0725546685	0.2396329425
0.2055718684	0.015838883	0.1191704319
0.2055718684	0.037371707	0.262065383
0.2055718684	-0.0011302103	0.1200367486
0.2055718684	0.0073998077	0.2752609363
0.2055718684	-0.0167214384	0.1157341882
0.2055718684	-0.0272913862	0.277900047
0.2055718684	-0.0308469657	0.1073385485
0.2055718684	-0.0599000617	0.266024049
0.2055718684	-0.0452356373	0.0936550295
0.2055718684	-0.0939755044	0.2356742765
0.2055718684	-0.0543677471	0.0798890367
0.2055718684	-0.1216047557	0.1982256472
0.2055718684	-0.063610825	0.0604470203
0.2055718684	-0.1482357903	0.1524211915
0.2055718684	-0.2347680277	0.2501893851
0.2055718684	-0.0692113577	0.0468579193
0.2055718684	-0.1651309279	0.1123432361
0.2055718684	-0.2588481653	0.1774550588
0.2055718684	-0.074853843	0.0338739613
0.2055718684	-0.1737324215	0.0747171216
0.2055718684	-0.0767441309	0.0238796898
0.2055718684	-0.1758993622	0.0515416865
0.2055718684	-0.0767441309	0.0153972397
0.2055718684	-0.1780730326	0.0313440377
0.2055718684	-0.0767441309	0.0059810562
0.2055718684	-0.1780730326	0.0106533755
0.2055718684	-0.0767441309	-0.0054036734
0.2055718684	-0.1715721586	-0.0147697501
0.2055718684	-0.0729683046	-0.020154524
0.2055718684	-0.071087486	-0.0322123526
0.2055718684	-0.063610825	-0.0453347338
0.2055718684	-0.0580514735	-0.0560530882
0.2055718684	-0.0507017737	-0.0655146426
0.2055718684	-0.0398082685	-0.0760867011
0.2055718684	-0.0673398906	-0.157385628
0.2055718684	-0.0237520609	-0.0854704944
0.2055718684	-0.0398082685	-0.1695774491
0.2055718684	-0.0062929051	-0.0907240168
0.2055718684	-0.0062929051	-0.1772723785
0.2055718684	0.012474011	-0.0954733895
0.2055718684	0.0275053285	-0.1820937984
0.2055718684	0.0471188469	-0.2704006979
0.2055718684	0.0357356891	-0.0980379681
0.2055718684	0.0741185172	-0.1820937984
0.2055718684	0.1197176335	-0.2628172948
0.2055718684	0.172779587	-0.3427024479
0.2055718684	0.2384431085	-0.4191186763
0.2055718684	0.3008774961	-0.481410802
0.2055718684	0.3695802999	-0.5431806086
0.2055718684	0.442136008	-0.6032253701
0.2055718684	0.5156687096	-0.6620041184
0.2055718684	0.056750287	-0.0954733895
0.2055718684	0.1107940027	-0.1702831166
0.2055718684	0.1671976802	-0.2398545515
0.2055718684	0.2306568156	-0.3136842715
0.2055718684	0.299669113	-0.3799227044
0.2055718684	0.362813911	-0.4358782257
0.2055718684	0.4337455709	-0.494242105
0.2055718684	0.0709878468	-0.0885443773
0.2055718684	0.1314716202	-0.1544614918
0.2055718684	0.1920409993	-0.2121236746
0.2055718684	0.2676886594	-0.2786796274
0.2055718684	0.3387513479	-0.3371821092
0.2055718684	0.4113805903	-0.393466712
0.2055718684	0.0818936524	-0.0792422511
0.2055718684	0.1488049112	-0.1375918171
0.2055718684	0.2108915793	-0.188209889
0.2055718684	0.2923858943	-0.2504671935
0.2055718684	0.3650746182	-0.3029125665
0.2055718684	0.4400449424	-0.3556553069
0.2055718684	0.0911285754	-0.0696896083
0.2055718684	0.1615797895	-0.1203476508
0.2055718684	0.2267383702	-0.1667422502
0.2055718684	0.3116835978	-0.2228122322
0.2055718684	0.3885005141	-0.2726232783
0.2055718684	0.0972287922	-0.0584429035
0.2055718684	0.1699930956	-0.1014295621
0.2055718684	0.2410237434	-0.1432969902
0.2055718684	0.3270773249	-0.1939034458
0.2055718684	0.404897277	-0.2371605687
0.2055718684	0.1047920487	-0.0428507737
0.2055718684	0.1797072362	-0.0742707984
0.2055718684	0.2538182816	-0.1068747747
0.2055718684	0.3445353472	-0.1470541803
0.2055718684	0.4252844753	-0.1838019408
0.2055718684	0.1077983751	-0.0270241312
0.2055718684	0.1852102441	-0.0492714931
0.2055718684	0.2626690853	-0.0733593263
0.2055718684	0.354859611	-0.1043716277
0.2055718684	0.1077983751	-0.0136819469
0.2055718684	0.18931504	-0.0280683275
0.2055718684	0.2689392904	-0.0433490322
0.2055718684	0.3594129308	-0.063642916
0.3075970428	0.1103376914	0.0159789179
0.3075970428	0.2057436786	0.0284775665
0.3075970428	0.2935905015	0.0383136559
0.3075970428	0.3885371632	0.0464462143
0.3075970428	0.477892634	0.0515692034
0.3075970428	0.10939622	0.0311012344
0.3075970428	0.2040184366	0.0575681264
0.3075970428	0.2895955195	0.0812909834
0.3075970428	0.3841138935	0.1052948296
0.3075970428	0.4744676337	0.1251693896
0.3075970428	0.1065667882	0.0452737501
0.3075970428	0.1996935563	0.087798613
0.3075970428	0.281563747	0.12663398
0.3075970428	0.3714919049	0.1677184892
0.3075970428	0.4620589287	0.2053660005
0.3075970428	0.1027824355	0.0579714851
0.3075970428	0.1909927673	0.1146165074
0.3075970428	0.2710377314	0.1671647306
0.3075970428	0.3549567643	0.2254305766
0.3075970428	0.4389812137	0.2857343343
0.3075970428	0.0951728973	0.0715338453
0.3075970428	0.1786951546	0.1390922183
0.3075970428	0.2554769692	0.2072495107
0.3075970428	0.334343014	0.2815968995
0.3075970428	0.4104131756	0.3600702805
0.3075970428	0.084619334	0.086051729
0.3075970428	0.1554838163	0.1688288972
0.3075970428	0.2236991195	0.2603062478
0.3075970428	0.2831745948	0.3600702805
0.3075970428	0.0700548999	0.1002718721
0.3075970428	0.1280694153	0.1949092419
0.3075970428	0.1831029601	0.302090526
0.3075970428	0.056275436	0.1113254333
0.3075970428	0.1008851779	0.2194633311
0.3075970428	0.1400346528	0.3374024457
0.3075970428	0.0362666539	0.1212942996
0.3075970428	0.0671174884	0.2398528845
0.3075970428	0.0961270916	0.3705303652
0.3075970428	0.0148286706	0.1281049106
0.3075970428	0.032217761	0.2565413319
0.3075970428	-0.003913936	0.1300761336
0.3075970428	-0.0007659018	0.2648938222
0.3075970428	-0.0198039405	0.1295822505
0.3075970428	-0.0316194521	0.2679959418
0.3075970428	-0.0359510926	0.12468259
0.3075970428	-0.0634637399	0.2648938222
0.3075970428	-0.0512631685	0.1132022186
0.3075970428	-0.0998527389	0.2491624586
0.3075970428	-0.0634637399	0.1002718721
0.3075970428	-0.1292746575	0.2188077569
0.3075970428	-0.1846757551	0.3436538497
0.3075970428	-0.0758187593	0.0774418272
0.3075970428	-0.1608798329	0.1738742768
0.3075970428	-0.2382474083	0.272717289
0.3075970428	-0.0826247301	0.0608072525
0.3075970428	-0.1796146963	0.1335536967
0.3075970428	-0.2711671747	0.2066203587
0.3075970428	-0.0871888079	0.0429396004
0.3075970428	-0.1923202231	0.0891143727
0.3075970428	-0.295259402	0.1305707392
0.3075970428	-0.0906260981	0.0295998252
0.3075970428	-0.1987399391	0.0616214471
0.3075970428	-0.0906260981	0.0192488431
0.3075970428	-0.2013205741	0.0398494363
0.3075970428	-0.0906260981	0.008097662
0.3075970428	-0.2013205741	0.0152559322
0.3075970428	-0.0883332092	-0.0051599823
0.3075970428	-0.1961666148	-0.012304416
0.3075970428	-0.0860457634	-0.0209806277
0.3075970428	-0.185945401	-0.0459743994
0.3075970428	-0.0814870725	-0.0349427719
0.3075970428	-0.1733273534	-0.0751438511
0.3075970428	-0.0758187593	-0.0487653894
0.3075970428	-0.1559472973	-0.1035937905
0.3075970428	-0.0679383476	-0.0612550956
0.3075970428	-0.1352703427	-0.1295943229
0.3075970428	-0.0590095528	-0.0725181782
0.3075970428	-0.1103400937	-0.1507836089
0.3075970428	-0.0446717052	-0.0834997021
0.3075970428	-0.079215764	-0.1672740521
0.3075970428	-0.0273066449	-0.0919816388
0.3075970428	-0.0479619163	-0.1776535448
0.3075970428	-0.0091826624	-0.0978250039
0.3075970428	-0.0123572276	-0.1857562478
0.3075970428	-0.0112979216	-0.2690386276
0.3075970428	0.0117289205	-0.1011304329
0.3075970428	0.0230487326	-0.1894166427
0.3075970428	0.037276384	-0.274289478
0.3075970428	0.0542919212	-0.3521500394
0.3075970428	0.0362666539	-0.1025006136
0.3075970428	0.0710322006	-0.1900999775
0.3075970428	0.1112783296	-0.2725448712
0.3075970428	0.1536776688	-0.3477552579
0.3075970428	0.2031548089	-0.4253864743
0.3075970428	0.258770638	-0.4972316211
0.3075970428	0.325840202	-0.5712766588
0.3075970428	0.3995247092	-0.6435123334
0.3075970428	0.4648271583	-0.7021701584
0.3075970428	0.5262028546	-0.7553859224
0.3075970428	0.6022433013	-0.8179791198
0.3075970428	0.6764550206	-0.8769650717
0.3075970428	0.05825516	-0.1008558997
0.3075970428	0.10939622	-0.1809105974
0.3075970428	0.1626785278	-0.2547796133
0.3075970428	0.2203012332	-0.3256148259
0.3075970428	0.2847831881	-0.3984353576
0.3075970428	0.3427847333	-0.4573220674
0.3075970428	0.4133003163	-0.5230488681
0.3075970428	0.4860744716	-0.5860032351
0.3075970428	0.5503303032	-0.6383335829
0.3075970428	0.6176675778	-0.6920727211
0.3075970428	0.0739586234	-0.0939378628
0.3075970428	0.1363672035	-0.1675124154
0.3075970428	0.1988265511	-0.2332714333
0.3075970428	0.2645117103	-0.2946127785
0.3075970428	0.3366513136	-0.357847218
0.3075970428	0.4009821804	-0.4119838508
0.3075970428	0.475838764	-0.4718723367
0.3075970428	0.547096326	-0.5271283049
0.3075970428	0.6145971785	-0.5776770119
0.3075970428	0.0865460542	-0.0852090272
0.3075970428	0.1572869636	-0.1493010575
0.3075970428	0.2245469816	-0.2068871872
0.3075970428	0.2951846304	-0.2641305785
0.3075970428	0.3699981646	-0.3222536752
0.3075970428	0.444615634	-0.3759075455
0.3075970428	0.5149620665	-0.4270228418
0.3075970428	0.5866350851	-0.4769698082
0.3075970428	0.0970804243	-0.0716394577
0.3075970428	0.1742695685	-0.1272664622
0.3075970428	0.2472007242	-0.1778869071
0.3075970428	0.3250641513	-0.2315958741
0.3075970428	0.3987953134	-0.2808299085
0.3075970428	0.4792600032	-0.3326264133
0.3075970428	0.5542003465	-0.3794540559
0.3075970428	0.1027824355	-0.0570308908
0.3075970428	0.1866165217	-0.1038666746
0.3075970428	0.2628743552	-0.1465710345
0.3075970428	0.3466019773	-0.1928239877
0.3075970428	0.4254947563	-0.2368141722
0.3075970428	0.5096375551	-0.2827386599
0.3075970428	0.1075107702	-0.0374897808
0.3075970428	0.197090501	-0.0701710018
0.3075970428	0.2783352561	-0.1008558997
0.3075970428	0.3640044141	-0.1334485514
0.3075970428	0.4502243627	-0.1672740521
0.3075970428	0.5321138232	-0.1997931148
0.3075970428	0.1084539135	-0.0169989418
0.3075970428	0.2040184366	-0.0349427719
0.3075970428	0.2903956237	-0.0527649342
0.3075970428	0.3789327149	-0.0739788192
0.3075970428	0.4641356803	-0.0958856208
0.3075970428	0.1112783296	-0.0006734154
0.3075970428	0.2066052955	-0.0037847902
0.3075970428	0.294387841	-0.0089179221
0.3075970428	0.3863275648	-0.0169989418
0.3075970428	0.471033185	-0.0259044485
0.4121612012	0.0970361949	0.0173196304
0.4121612012	0.1876513598	0.0329658946
0.4121612012	0.2753002629	0.0470904462
0.4121612012	0.364592886	0.0598075697
0.4121612012	0.4445719349	0.0699156479
0.4121612012	0.5332001211	0.0791525989
0.4121612012	0.6168790485	0.0857878069
0.4121612012	0.0957409706	0.0299930961
0.4121612012	0.1858386109	0.0587563183
0.4121612012	0.2730350172	0.0855093843
0.4121612012	0.3608730329	0.1112903478
0.4121612012	0.4430653176	0.1346198729
0.4121612012	0.5265673763	0.1573258556
0.4121612012	0.6150883752	0.1785698276
0.4121612012	0.0944444355	0.0440280142
0.4121612012	0.1834177509	0.089423072
0.4121612012	0.2662167013	0.1318268531
0.4121612012	0.3517981127	0.1758100624
0.4121612012	0.4304490386	0.2166855596
0.4121612012	0.5093753486	0.2581505367
0.4121612012	0.5961593296	0.301096019
0.4121612012	0.091847419	0.0540549111
0.4121612012	0.1791705697	0.112471847
0.4121612012	0.2587915865	0.1686536728
0.4121612012	0.3405065941	0.2294791611
0.4121612012	0.4151629434	0.2864988966
0.4121612012	0.4900371099	0.3452422676
0.4121612012	0.5668569241	0.4097609261
0.4121612012	0.0872899096	0.0693780705
0.4121612012	0.1687988061	0.1437465757
0.4121612012	0.2409203058	0.2163044708
0.4121612012	0.3143504434	0.2944274672
0.4121612012	0.3846178608	0.3757975143
0.4121612012	0.4480813231	0.4693753143
0.4121612012	0.078782536	0.0874619688
0.4121612012	0.1502939057	0.1754664104
0.4121612012	0.2121812447	0.2624349552
0.4121612012	0.2730350172	0.3581378932
0.4121612012	0.3247625799	0.4660173662
0.4121612012	0.0662454134	0.1042674238
0.4121612012	0.1264719731	0.2080142214
0.4121612012	0.1761284986	0.3069170118
0.4121612012	0.2222216222	0.411122735
0.4121612012	0.0535829144	0.1166324614
0.4121612012	0.1009140348	0.2354400831
0.4121612012	0.1390641281	0.3435980487
0.4121612012	0.171246565	0.459428471
0.4121612012	0.0326455638	0.1324459463
0.4121612012	0.0662454134	0.2598582436
0.4121612012	0.0937956753	0.3776204723
0.4121612012	0.0120439864	0.1412091475
0.4121612012	0.0292355464	0.277395329
0.4121612012	0.0448452249	0.4037109332
0.4121612012	-0.0082018267	0.14534026
0.4121612012	-0.0067948371	0.2897417635
0.4121612012	-0.001182913	0.42368012
0.4121612012	-0.0252128233	0.14502104
0.4121612012	-0.040294404	0.2939560383
0.4121612012	-0.0475424832	0.4323734779
0.4121612012	-0.050453915	0.1349313409
0.4121612012	-0.0725168658	0.2883482736
0.4121612012	-0.0919725793	0.4301746003
0.4121612012	-0.0577633641	0.1250752356
0.4121612012	-0.1079228463	0.2693974045
0.4121612012	-0.1452143163	0.4050445165
0.4121612012	-0.0680717391	0.1133600722
0.4121612012	-0.1365626011	0.2414971592
0.4121612012	-0.1935825827	0.3650815216
0.4121612012	-0.0837025206	0.0883013931
0.4121612012	-0.1715643489	0.1919437062
0.4121612012	-0.2527487131	0.2972696239
0.4121612012	-0.3310006963	0.411122735
0.4121612012	-0.0904646465	0.0718021525
0.4121612012	-0.1886527852	0.150804479
0.4121612012	-0.2889257926	0.234240329
0.4121612012	-0.3835900912	0.3148369502
0.4121612012	-0.0972654874	0.0486291785
0.4121612012	-0.2035068554	0.0984992481
0.4121612012	-0.3161787979	0.1485458725
0.4121612012	-0.099541134	0.0344592705
0.4121612012	-0.2093364493	0.069109518
0.4121612012	-0.3189423399	0.0993596998
0.4121612012	-0.099541134	0.0226408343
0.4121612012	-0.2101717105	0.0450466119
0.4121612012	-0.3198651031	0.0621816465
0.4121612012	-0.099541134	0.0113428809
0.4121612012	-0.2085018059	0.0206990633
0.4121612012	-0.0972654874	-0.0027100873
0.4121612012	-0.2043378158	-0.007306784
0.4121612012	-0.0934824299	-0.0177208485
0.4121612012	-0.1927594643	-0.0392147118
0.4121612012	-0.0882063301	-0.0318602234
0.4121612012	-0.1788567107	-0.0666102074
0.4121612012	-0.080709415	-0.0449807891
0.4121612012	-0.1619127201	-0.0943933723
0.4121612012	-0.0710333233	-0.0563234096
0.4121612012	-0.1404872202	-0.1187865345
0.4121612012	-0.0599648724	-0.0657946446
0.4121612012	-0.1148251957	-0.1373384721
0.4121612012	-0.0446380438	-0.0738940933
0.4121612012	-0.0837025206	-0.1521691422
0.4121612012	-0.1132878387	-0.2271159595
0.4121612012	-0.0287867658	-0.0796897208
0.4121612012	-0.0533723813	-0.1613313184
0.4121612012	-0.0725168658	-0.2382128749
0.4121612012	-0.0103153361	-0.0844388906
0.4121612012	-0.0188059717	-0.1683199762
0.4121612012	-0.0216493157	-0.2482236577
0.4121612012	-0.0230734714	-0.3327158684
0.4121612012	0.0092711102	-0.088560133
0.4121612012	0.0175711997	-0.1708557876
0.4121612012	0.0258161839	-0.2522123345
0.4121612012	0.0380823123	-0.3373732793
0.4121612012	0.0529129343	-0.414638898
0.4121612012	0.0292355464	-0.0897318451
0.4121612012	0.0582628309	-0.1706870791
0.4121612012	0.0898961905	-0.2497039474
0.4121612012	0.1271044893	-0.329853406
0.4121612012	0.1663464912	-0.4074665737
0.4121612012	0.2092138222	-0.4813844623
0.4121612012	0.2593641865	-0.5534948937
0.4121612012	0.3209355775	-0.6291720808
0.4121612012	0.3872318636	-0.702325492
0.4121612012	0.4659975112	-0.7824381839
0.4121612012	0.525142243	-0.8371237188
0.4121612012	0.5947982755	-0.8996998157
0.4121612012	0.6679284848	-0.9630859841
0.4121612012	0.0482130633	-0.0887555957
0.4121612012	0.0924971674	-0.163727244
0.4121612012	0.1403166649	-0.238815136
0.4121612012	0.1906671163	-0.3103992337
0.4121612012	0.2438187367	-0.3809176662
0.4121612012	0.3016410175	-0.4497741018
0.4121612012	0.3614050399	-0.5168053752
0.4121612012	0.4263885306	-0.577415809
0.4121612012	0.4900371099	-0.6383809991
0.4121612012	0.5654694267	-0.7051726067
0.4121612012	0.6226844192	-0.7532199069
0.4121612012	0.6885738923	-0.8077790601
0.4121612012	0.7661302047	-0.8691690585
0.4121612012	0.061595035	-0.0838475466
0.4121612012	0.1188575855	-0.1539091418
0.4121612012	0.1736897888	-0.2176850499
0.4121612012	0.2333551931	-0.2807079885
0.4121612012	0.2955211214	-0.3413577307
0.4121612012	0.3629998609	-0.4033848721
0.4121612012	0.4279125565	-0.4606445595
0.4121612012	0.4968342251	-0.5182037855
0.4121612012	0.5677812176	-0.5752881763
0.4121612012	0.6417330219	-0.6337465919
0.4121612012	0.7004933156	-0.6784615508
0.4121612012	0.0735188299	-0.0748978604
0.4121612012	0.1378103857	-0.1375173394
0.4121612012	0.1990750178	-0.1943295824
0.4121612012	0.2627947456	-0.2498517815
0.4121612012	0.3318421557	-0.3058156135
0.4121612012	0.3991950386	-0.358936203
0.4121612012	0.4709355629	-0.4129103943
0.4121612012	0.5477834398	-0.4690115153
0.4121612012	0.615983972	-0.5184033463
0.4121612012	0.6902821834	-0.5702699492
0.4121612012	0.0827160733	-0.0616977393
0.4121612012	0.1546351182	-0.1137701052
0.4121612012	0.2251604458	-0.1627016419
0.4121612012	0.2955211214	-0.2112622707
0.4121612012	0.3656539074	-0.2582205421
0.4121612012	0.4370231873	-0.3054096127
0.4121612012	0.5141708242	-0.3550556407
0.4121612012	0.5920725302	-0.4033848721
0.4121612012	0.6679284848	-0.4515244382
0.4121612012	0.0892451186	-0.0468885597
0.4121612012	0.1687988061	-0.0887555957
0.4121612012	0.2455548235	-0.1294112725
0.4121612012	0.3214829357	-0.1695047394
0.4121612012	0.3945257086	-0.2081040567
0.4121612012	0.4704425047	-0.247778878
0.4121612012	0.54731521	-0.2881219136
0.4121612012	0.6195611648	-0.3254049574
0.4121612012	0.093146586	-0.0307696839
0.4121612012	0.1767374732	-0.0588107374
0.4121612012	0.2622235846	-0.088560133
0.4121612012	0.3437420076	-0.117119456
0.4121612012	0.4187442016	-0.1444492168
0.4121612012	0.4992542248	-0.174051948
0.4121612012	0.5756150747	-0.2023768146
0.4121612012	0.6518266733	-0.2313962345
0.4121612012	0.0970361949	-0.011634604
0.4121612012	0.1840233806	-0.0235127574
0.4121612012	0.2736016798	-0.036415182
0.4121612012	0.3598084178	-0.0506831105
0.4121612012	0.4324750306	-0.06436436
0.4121612012	0.5194280852	-0.0814756112
0.4121612012	0.597519175	-0.0978633101
0.4121612012	0.0983301114	0.0040319912
0.4121612012	0.1864431359	0.0068490757
0.4121612012	0.2758659897	0.0082637142
0.4121612012	0.3640620769	0.0068490757
0.4121612012	0.4420600386	0.0040319912
0.4121612012	0.5270421192	-0.0010911075
0.4121612012	0.6088045695	-0.0066199893
0.5157616563	0.0814374678	0.0169472683
0.5157616563	0.1712199199	0.0362960823
0.5157616563	0.2607106361	0.0541309247
0.5157616563	0.3502204834	0.0706679687
0.5157616563	0.4327935304	0.084228102
0.5157616563	0.5255673776	0.0975422115
0.5157616563	0.5991650835	0.1065389658
0.5157616563	0.687605305	0.1165126024
0.5157616563	0.0809630258	0.0261039068
0.5157616563	0.1712199199	0.0574357793
0.5157616563	0.2590205938	0.0890847374
0.5157616563	0.3454202025	0.1191907512
0.5157616563	0.4312729942	0.146979172
0.5157616563	0.5212451441	0.1745278958
0.5157616563	0.5946767675	0.1961817118
0.5157616563	0.6810316715	0.2191016208
0.5157616563	0.0800136905	0.0373609982
0.5157616563	0.1698778895	0.0836482316
0.5157616563	0.2543636664	0.1294107194
0.5157616563	0.3381931489	0.17498863
0.5157616563	0.4225029549	0.2211257076
0.5157616563	0.5085760733	0.2655246966
0.5157616563	0.5814907689	0.3046111581
0.5157616563	0.666152406	0.348289827
0.5157616563	0.7498430461	0.3930261338
0.5157616563	0.0781132109	0.0493916778
0.5157616563	0.1644980467	0.1083567725
0.5157616563	0.2450085035	0.1685769586
0.5157616563	0.3260761564	0.2324165833
0.5157616563	0.4063680233	0.2943590253
0.5157616563	0.4870047403	0.3578841968
0.5157616563	0.5587022532	0.4201186335
0.5157616563	0.6356792247	0.4889806397
0.5157616563	0.7068589923	0.5526068494
0.5157616563	0.0747815479	0.0650380428
0.5157616563	0.1523241285	0.1411277381
0.5157616563	0.2282867785	0.2203656585
0.5157616563	0.3028007696	0.3024804575
0.5157616563	0.3747998506	0.3907586313
0.5157616563	0.4426434957	0.4850495882
0.5157616563	0.4994689662	0.5738091981
0.5157616563	0.0685743836	0.0828760371
0.5157616563	0.1359402616	0.1685769586
0.5157616563	0.203084275	0.26274132
0.5157616563	0.2682936432	0.3631192474
0.5157616563	0.325670693	0.4655817988
0.5157616563	0.3700712347	0.5718768409
0.5157616563	0.0584924801	0.0983357922
0.5157616563	0.1128885252	0.2007761325
0.5157616563	0.1694302862	0.3107577619
0.5157616563	0.2205086554	0.4225692686
0.5157616563	0.2632423296	0.5305264843
0.5157616563	0.0468858843	0.110587064
0.5157616563	0.0908949002	0.2259680259
0.5157616563	0.1354826354	0.3486286145
0.5157616563	0.1721139585	0.469762324
0.5157616563	0.0288119708	0.1262607742
0.5157616563	0.0589741235	0.2542201596
0.5157616563	0.0894800811	0.3881298848
0.5157616563	0.1142815522	0.5141218611
0.5157616563	0.0100154337	0.1368360762
0.5157616563	0.0233955951	0.275404804
0.5157616563	0.0400731139	0.4193053276
0.5157616563	0.054150645	0.5484197114
0.5157616563	-0.0130667203	0.143503567
0.5157616563	-0.0145848877	0.2902068978
0.5157616563	-0.0095304985	0.4397657853
0.5157616563	-0.0262773775	0.1441534417
0.5157616563	-0.0458055806	0.2943590253
0.5157616563	-0.0577557165	0.4484585401
0.5157616563	-0.041672275	0.1402665278
0.5157616563	-0.076134992	0.2899118221
0.5157616563	-0.1011967617	0.4414876684
0.5157616563	-0.0582775608	0.1296213979
0.5157616563	-0.1087489788	0.2674833564
0.5157616563	-0.1510325644	0.4128618033
0.5157616563	-0.0703330163	0.1175410394
0.5157616563	-0.1349562764	0.2400104076
0.5157616563	-0.1969566143	0.3712816291
0.5157616563	-0.2492758951	0.50518154
0.5157616563	-0.0862128602	0.0953659258
0.5157616563	-0.1678625569	0.1937809968
0.5157616563	-0.2504753953	0.300360231
0.5157616563	-0.3264239202	0.4081006354
0.5157616563	-0.4003602419	0.5282900612
0.5157616563	-0.0952912147	0.0759753388
0.5157616563	-0.1883349401	0.1524577925
0.5157616563	-0.2808209877	0.2339775732
0.5157616563	-0.3756749107	0.3176228021
0.5157616563	-0.4696271572	0.4022321402
0.5157616563	-0.1028116782	0.0541309247
0.5157616563	-0.2038935772	0.1049283626
0.5157616563	-0.3056112036	0.1546659297
0.5157616563	-0.413908122	0.2032119352
0.5157616563	-0.1044284531	0.0373609982
0.5157616563	-0.20970164	0.0725575414
0.5157616563	-0.3125117893	0.1031222638
0.5157616563	-0.1049677919	0.0261039068
0.5157616563	-0.20970164	0.0488474267
0.5157616563	-0.3118829492	0.0670956485
0.5157616563	-0.1033503964	0.0126783451
0.5157616563	-0.2079566013	0.0236708763
0.5157616563	-0.3062370209	0.0320563797
0.5157616563	-0.1017348611	0.0008905667
0.5157616563	-0.2027349491	0.0003906887
0.5157616563	-0.297502776	-0.0024338824
0.5157616563	-0.0968993626	-0.01619404
0.5157616563	-0.1923515878	-0.0327982703
0.5157616563	-0.2820494335	-0.0492610346
0.5157616563	-0.0920804147	-0.0301155611
0.5157616563	-0.1797674912	-0.057932121
0.5157616563	-0.2679909706	-0.0874248747
0.5157616563	-0.0824916089	-0.0429465184
0.5157616563	-0.1605442816	-0.0865601653
0.5157616563	-0.2403138832	-0.1325832776
0.5157616563	-0.0719130237	-0.0526224108
0.5157616563	-0.1415859185	-0.1085261817
0.5157616563	-0.20970164	-0.1658046499
0.5157616563	-0.0587995959	-0.0613964109
0.5157616563	-0.1174302009	-0.1263818823
0.5157616563	-0.1678625569	-0.19610547
0.5157616563	-0.0458055806	-0.0679697544
0.5157616563	-0.0872778765	-0.1421724647
0.5157616563	-0.1234299639	-0.2164089166
0.5157616563	-0.0288317934	-0.0741795947
0.5157616563	-0.0567125998	-0.1514926702
0.5157616563	-0.0787801174	-0.2290776184
0.5157616563	-0.1006588683	-0.3077792398
0.5157616563	-0.0120554913	-0.0774076805
0.5157616563	-0.0237274748	-0.1560389734
0.5157616563	-0.0293432199	-0.2396907126
0.5157616563	-0.032928296	-0.3197628443
0.5157616563	-0.032928296	-0.4008240588
0.5157616563	0.0060273254	-0.0784312891
0.5157616563	0.0110107619	-0.1586228746
0.5157616563	0.0189491047	-0.2431170604
0.5157616563	0.0268446887	-0.3230348431
0.5157616563	0.038609138	-0.4035834131
0.5157616563	0.0512490134	-0.4845395705
0.5157616563	0.0233955951	-0.0785773814
0.5157616563	0.0464002974	-0.1566858961
0.5157616563	0.0776377134	-0.2415201753
0.5157616563	0.1114942143	-0.3192502902
0.5157616563	0.1427882317	-0.392393958
0.5157616563	0.1850196932	-0.4739271287
0.5157616563	0.2287177682	-0.5539747447
0.5157616563	0.2775129422	-0.6319604707
0.5157616563	0.3398019374	-0.715345222
0.5157616563	0.4052095123	-0.795400447
0.5157616563	0.0381208231	-0.0752085361
0.5157616563	0.0781132109	-0.1507101446
0.5157616563	0.1272217591	-0.2313985548
0.5157616563	0.171667004	-0.3026581177
0.5157616563	0.221374799	-0.3711488027
0.5157616563	0.2745853119	-0.4426352828
0.5157616563	0.3317420166	-0.5143839465
0.5157616563	0.3916333568	-0.5850613997
0.5157616563	0.4482999617	-0.6441905181
0.5157616563	0.5143792721	-0.7111186105
0.5157616563	0.587054881	-0.7767057733
0.5157616563	0.0493114317	-0.0693056992
0.5157616563	0.1021657775	-0.1411139389
0.5157616563	0.1581976937	-0.2107030582
0.5157616563	0.2192085414	-0.278779117
0.5157616563	0.2750038741	-0.3381839009
0.5157616563	0.3389977421	-0.400547588
0.5157616563	0.4013419539	-0.4584748422
0.5157616563	0.4662739169	-0.5171828355
0.5157616563	0.5288019356	-0.5719067757
0.5157616563	0.5998545762	-0.6317505575
0.5157616563	0.672118938	-0.69179343
0.5157616563	0.7444456432	-0.7494810842
0.5157616563	0.818606846	-0.8056923166
0.5157616563	0.0584924801	-0.0609456565
0.5157616563	0.1203032384	-0.1240749215
0.5157616563	0.1854628037	-0.1864032519
0.5157616563	0.2518177413	-0.2464134222
0.5157616563	0.3134592782	-0.3002419537
0.5157616563	0.383042349	-0.3584064205
0.5157616563	0.4460396612	-0.4092555195
0.5157616563	0.5154651863	-0.4635162559
0.5157616563	0.5835793865	-0.5151045516
0.5157616563	0.6528217371	-0.5664229372
0.5157616563	0.7271943895	-0.6194907124
0.5157616563	0.8029634233	-0.6730609952
0.5157616563	0.8739836708	-0.7222842204
0.5157616563	0.0666592778	-0.0475733457
0.5157616563	0.1395963359	-0.0994074516
0.5157616563	0.2126917221	-0.1514926702
0.5157616563	0.2879251527	-0.2030208356
0.5157616563	0.3534128408	-0.2474333068
0.5157616563	0.4267030688	-0.2967613034
0.5157616563	0.4976417008	-0.3416750657
0.5157616563	0.5682044941	-0.3873480254
0.5157616563	0.6437668766	-0.435611804
0.5157616563	0.7159250909	-0.4816285225
0.5157616563	0.797719568	-0.5310395616
0.5157616563	0.0719199108	-0.0365652906
0.5157616563	0.1500590598	-0.075061649
0.5157616563	0.2321614361	-0.1160036475
0.5157616563	0.3134592782	-0.1577196572
0.5157616563	0.3842164881	-0.1942739126
0.5157616563	0.4629183639	-0.2348655622
0.5157616563	0.5359681566	-0.2718095034
0.5157616563	0.6101646451	-0.3093398317
0.5157616563	0.6862924986	-0.3482147394
0.5157616563	0.7649975349	-0.3872542725
0.5157616563	0.0771620647	-0.0234355389
0.5157616563	0.1595499455	-0.0491078021
0.5157616563	0.2458612646	-0.0769684744
0.5157616563	0.3349707863	-0.1061539014
0.5157616563	0.4079114477	-0.1313746247
0.5157616563	0.4910472774	-0.1602970158
0.5157616563	0.5699584852	-0.1878859843
0.5157616563	0.64477525	-0.2142747496
0.5157616563	0.7220513799	-0.2419767981
0.5157616563	0.7998805967	-0.2708239642
0.5157616563	0.0795387969	-0.0065630021
0.5157616563	0.1671903173	-0.0152217759
0.5157616563	0.2560586785	-0.0248732925
0.5157616563	0.3470218672	-0.0353122432
0.5157616563	0.4259401976	-0.0463429787
0.5157616563	0.5132926693	-0.0591393158
0.5157616563	0.5915627299	-0.071968948
0.5157616563	0.6731114311	-0.0861273622
0.5157616563	0.7511107138	-0.0998312163
0.5157616563	0.0809630258	0.0054089138
0.5157616563	0.1707727062	0.0118283463
0.5157616563	0.2607106361	0.0155777617
0.5157616563	0.3514183492	0.0176332485
0.5157616563	0.4305122073	0.0184918787
0.5157616563	0.52340762	0.0169472683
0.5157616563	0.5981303366	0.0145527691
0.5157616563	0.682348322	0.0106404488
0.5157616563	0.7615356643	0.0054089138
0.616973395	0.0759478826	0.0170416293
0.616973395	0.1601469076	0.0365749744
0.616973395	0.2506915273	0.0568494965
0.616973395	0.324963131	0.0728387404
0.616973395	0.4126476301	0.0903993534
0.616973395	0.497861871	0.1062361165
0.616973395	0.5783568209	0.1199030102
0.616973395	0.6754711692	0.1360630213
0.616973395	0.7552765735	0.1475590632
0.616973395	0.0759478826	0.0269323018
0.616973395	0.1604922304	0.0576738925
0.616973395	0.2474065148	0.0921392023
0.616973395	0.3243328906	0.1212714178
0.616973395	0.409940742	0.1523483886
0.616973395	0.4955614458	0.1815943415
0.616973395	0.5742166323	0.2070876058
0.616973395	0.6673148101	0.2345229202
0.616973395	0.7504741491	0.2596989352
0.616973395	0.0759478826	0.0363088862
0.616973395	0.1594560581	0.0812009737
0.616973395	0.2427973906	0.1276983386
0.616973395	0.319599179	0.1687634912
0.616973395	0.4036094625	0.2148922319
0.616973395	0.4866211896	0.2585377404
0.616973395	0.5639666296	0.3007637719
0.616973395	0.6485082296	0.3474216892
0.616973395	0.7293620118	0.3923439498
0.616973395	0.0752226373	0.050972092
0.616973395	0.1546124753	0.108170006
0.616973395	0.2318859655	0.1646575318
0.616973395	0.3088239646	0.225166664
0.616973395	0.3908824127	0.2908101546
0.616973395	0.4651097339	0.3541227416
0.616973395	0.5402136956	0.4214292744
0.616973395	0.6157730975	0.4927554311
0.616973395	0.6882964528	0.5648850007
0.616973395	0.0734081785	0.0659768159
0.616973395	0.1469739627	0.1420197167
0.616973395	0.2155604176	0.2152495686
0.616973395	0.286437558	0.2924559778
0.616973395	0.3589892405	0.3801631347
0.616973395	0.4270190052	0.4703545649
0.616973395	0.4929701725	0.5675291315
0.616973395	0.550029377	0.6704750979
0.616973395	0.0668601432	0.0842043463
0.616973395	0.1294884387	0.1694231228
0.616973395	0.1950254824	0.2606685087
0.616973395	0.2565894867	0.3508764095
0.616973395	0.3170695299	0.4527713603
0.616973395	0.3700911406	0.5618850703
0.616973395	0.4144500601	0.6765862539
0.616973395	0.0562574186	0.1001763067
0.616973395	0.10791517	0.1990416221
0.616973395	0.1608374852	0.3081436828
0.616973395	0.2115394512	0.4161001938
0.616973395	0.2575706059	0.5275616701
0.616973395	0.2951049146	0.6433319729
0.616973395	0.0444807136	0.1140084273
0.616973395	0.0857087778	0.2242578048
0.616973395	0.1259701682	0.3433075263
0.616973395	0.1639417269	0.4638252645
0.616973395	0.1960409692	0.588965326
0.616973395	0.0255408683	0.130010269
0.616973395	0.0507472461	0.2531515298
0.616973395	0.0806545085	0.383364596
0.616973395	0.1057786191	0.5124268762
0.616973395	0.128433705	0.6405468339
0.616973395	0.0037397786	0.1426501931
0.616973395	0.0150514805	0.2746286766
0.616973395	0.0300164227	0.4150417297
0.616973395	0.0470638516	0.5515633553
0.616973395	-0.0160499761	0.149470169
0.616973395	-0.0233397993	0.2891694806
0.616973395	-0.0206503591	0.4369669229
0.616973395	-0.0171988811	0.5802453448
0.616973395	-0.0310479819	0.1510674588
0.616973395	-0.0512587111	0.2934872503
0.616973395	-0.0661862594	0.4462125134
0.616973395	-0.07449427	0.5942147564
0.616973395	-0.0446241373	0.1491512251
0.616973395	-0.0788629615	0.2901943006
0.616973395	-0.106132275	0.4405864408
0.616973395	-0.1264797236	0.5921870137
0.616973395	-0.0618511755	0.1407607517
0.616973395	-0.1122096711	0.2752266446
0.616973395	-0.1549883334	0.4155706586
0.616973395	-0.192955896	0.5663937178
0.616973395	-0.0748909422	0.1301647122
0.616973395	-0.1379874379	0.2520042663
0.616973395	-0.1980877219	0.3774707972
0.616973395	-0.25434313	0.5140812454
0.616973395	-0.0940453538	0.1078720891
0.616973395	-0.1738586138	0.2062074985
0.616973395	-0.2512378009	0.3081436828
0.616973395	-0.3312871275	0.421161349
0.616973395	-0.4035188339	0.5323871944
0.616973395	-0.1053236748	0.0846345742
0.616973395	-0.1963752566	0.1633496673
0.616973395	-0.2866518503	0.2438521377
0.616973395	-0.3796931511	0.3276222198
0.616973395	-0.468160572	0.4079596596
0.616973395	-0.5585946722	0.4914971026
0.616973395	-0.112615643	0.0613968624
0.616973395	-0.2148826952	0.1141588632
0.616973395	-0.3131830629	0.1659683144
0.616973395	-0.412861899	0.2147136487
0.616973395	-0.5150376115	0.2624181455
0.616973395	-0.1134278924	0.0417855642
0.616973395	-0.221825297	0.0787801302
0.616973395	-0.3210479691	0.1108577685
0.616973395	-0.4212721798	0.1380941951
0.616973395	-0.1122096711	0.0287706035
0.616973395	-0.2226952923	0.0543826447
0.616973395	-0.3201205646	0.0726979568
0.616973395	-0.4197845012	0.0908338612
0.616973395	-0.1093707153	0.0151069166
0.616973395	-0.2209557855	0.0286391252
0.616973395	-0.3154920386	0.0381737912
0.616973395	-0.4163191149	0.0470383329
0.616973395	-0.1081555417	0.0031094216
0.616973395	-0.2161820902	0.0053901425
0.616973395	-0.3094959905	0.004755827
0.616973395	-0.1029002898	-0.0127655766
0.616973395	-0.2036661296	-0.0273096714
0.616973395	-0.2962047644	-0.0429705342
0.616973395	-0.095651759	-0.0275514756
0.616973395	-0.1908225525	-0.055736054
0.616973395	-0.2776089176	-0.0831607574
0.616973395	-0.0864364949	-0.0392965948
0.616973395	-0.1704875009	-0.0822672679
0.616973395	-0.2525678936	-0.1250020181
0.616973395	-0.0748909422	-0.0486209871
0.616973395	-0.1491628269	-0.1016704102
0.616973395	-0.221825297	-0.1588664901
0.616973395	-0.0602776128	-0.0567796934
0.616973395	-0.1203485377	-0.1197164748
0.616973395	-0.1776596925	-0.1890452202
0.616973395	-0.0461828164	-0.0624345535
0.616973395	-0.0896358956	-0.1329637266
0.616973395	-0.1318123538	-0.2092744266
0.616973395	-0.1671235235	-0.2839718445
0.616973395	-0.0306617217	-0.0671313611
0.616973395	-0.0594913958	-0.1407371658
0.616973395	-0.0872357568	-0.2216077153
0.616973395	-0.1093707153	-0.3002647474
0.616973395	-0.0126080047	-0.0698662222
0.616973395	-0.0260335964	-0.1457720471
0.616973395	-0.0360775697	-0.2301814439
0.616973395	-0.0399569007	-0.3117782817
0.616973395	-0.0442346972	-0.3928237785
0.616973395	0.0022257739	-0.0704346509
0.616973395	0.0048743855	-0.1478173252
0.616973395	0.0120424675	-0.2356635584
0.616973395	0.0206789161	-0.3165697282
0.616973395	0.0274071247	-0.3959048016
0.616973395	0.0381909513	-0.4863740932
0.616973395	0.0540554907	-0.5777477703
0.616973395	0.0199296771	-0.070889064
0.616973395	0.0415237323	-0.1482257065
0.616973395	0.069773478	-0.2328359056
0.616973395	0.0968477503	-0.3073754467
0.616973395	0.128433705	-0.384426997
0.616973395	0.168072201	-0.4739566945
0.616973395	0.212210243	-0.5628824989
0.616973395	0.0329935518	-0.0675879098
0.616973395	0.069773478	-0.1423849718
0.616973395	0.1125353255	-0.22105133
0.616973395	0.1539194408	-0.291479841
0.616973395	0.2014470991	-0.3641984469
0.616973395	0.2552804967	-0.4435677046
0.616973395	0.3110475805	-0.5202997875
0.616973395	0.3826547765	-0.6083551636
0.616973395	0.0441113727	-0.0646150296
0.616973395	0.0918261762	-0.1310858419
0.616973395	0.1469739627	-0.2043615014
0.616973395	0.201784436	-0.2701402182
0.616973395	0.2601843174	-0.3362686127
0.616973395	0.3214941289	-0.3997220917
0.616973395	0.3854013511	-0.463940605
0.616973395	0.4598403747	-0.5312731479
0.616973395	0.5195800009	-0.5888688
0.616973395	0.0540554907	-0.058746767
0.616973395	0.1107598028	-0.117697894
0.616973395	0.174592346	-0.1812706191
0.616973395	0.2342060665	-0.2387532275
0.616973395	0.2989438726	-0.2985826516
0.616973395	0.3626972555	-0.3530739079
0.616973395	0.4338666881	-0.4126213253
0.616973395	0.5030277928	-0.4698945575
0.616973395	0.5711749311	-0.5249256357
0.616973395	0.6490404177	-0.58539965
0.616973395	0.0650367825	-0.0449770128
0.616973395	0.1291369319	-0.0901580998
0.616973395	0.2041440013	-0.1440291215
0.616973395	0.2722237755	-0.1903011462
0.616973395	0.345952424	-0.2411981992
0.616973395	0.4147502974	-0.2861973381
0.616973395	0.4869102359	-0.3339323861
0.616973395	0.5606307458	-0.3813047017
0.616973395	0.6308659353	-0.4262033522
0.616973395	0.7211637154	-0.4829115397
0.616973395	0.8046676007	-0.5352667806
0.616973395	0.8828063986	-0.5827131331
0.616973395	0.069773478	-0.0334491521
0.616973395	0.1400007773	-0.0699799446
0.616973395	0.221908457	-0.1095671018
0.616973395	0.2941439103	-0.1456696353
0.616973395	0.3722421616	-0.1842926947
0.616973395	0.4463075714	-0.2215150119
0.616973395	0.528086192	-0.2625184328
0.616973395	0.601927147	-0.3001807246
0.616973395	0.6738950992	-0.3370726998
0.616973395	0.7613267755	-0.3813047017
0.616973395	0.8415597404	-0.421772094
0.616973395	0.9181321534	-0.460321385
0.616973395	0.0737712242	-0.0203819823
0.616973395	0.1497554634	-0.0428523245
0.616973395	0.2351994764	-0.0688418937
0.616973395	0.3107300865	-0.0923652157
0.616973395	0.3878393636	-0.1171657581
0.616973395	0.471821688	-0.1451573641
0.616973395	0.5539418465	-0.1719338027
0.616973395	0.6367640619	-0.1997032274
0.616973395	0.7131899971	-0.2264131963
0.616973395	0.8009668763	-0.2573966755
0.616973395	0.8708991053	-0.2825134089
0.616973395	0.0755852984	-0.0050624015
0.616973395	0.1559977223	-0.0107860661
0.616973395	0.2460908279	-0.0190369082
0.616973395	0.324963131	-0.0268258062
0.616973395	0.4020988622	-0.0352444711
0.616973395	0.4883548144	-0.045801522
0.616973395	0.5753215369	-0.05863121
0.616973395	0.6567412767	-0.0706618941
0.616973395	0.7390548771	-0.0838301389
0.616973395	0.8369533683	-0.100690836
0.616973395	0.9028963686	-0.1119301271
0.616973395	0.0755852984	0.0058980296
0.616973395	0.1584192733	0.0126643657
0.616973395	0.251019699	0.0189820189
0.616973395	0.3255931552	0.023271066
0.616973395	0.4093386816	0.0264080174
0.616973395	0.4949859092	0.0270634384
0.616973395	0.581662698	0.0260150786
0.616973395	0.6725807635	0.0241844651
0.616973395	0.7507271889	0.0209281274
0.616973395	0.8432542747	0.0166542339
0.7159567516	0.0694844109	0.0166400194
0.7159567516	0.1517044217	0.0362399604
0.7159567516	0.238552158	0.0575521997
0.7159567516	0.3255923727	0.0788468851
0.7159567516	0.4083584076	0.0970515449
0.7159567516	0.5068394119	0.1172497106
0.7159567516	0.5954305919	0.1348190896
0.7159567516	0.6844208721	0.1513792945
0.7159567516	0.070922069	0.0267344908
0.7159567516	0.1525314127	0.0576592691
0.7159567516	0.2369680111	0.0914175405
0.7159567516	0.323062443	0.1248594377
0.7159567516	0.4054411787	0.1564145444
0.7159567516	0.49917338	0.1923691412
0.7159567516	0.587626223	0.2219052319
0.7159567516	0.6775690568	0.2515766447
0.7159567516	0.0714968315	0.0357202036
0.7159567516	0.1514286806	0.0806133947
0.7159567516	0.2335313951	0.1255660998
0.7159567516	0.3185006829	0.1714974179
0.7159567516	0.399838417	0.2163483604
0.7159567516	0.490077929	0.2646904915
0.7159567516	0.5732827367	0.3109502806
0.7159567516	0.0706346234	0.0486141357
0.7159567516	0.1489452666	0.1070779425
0.7159567516	0.2250468366	0.1660985756
0.7159567516	0.309091673	0.2316430873
0.7159567516	0.3836768708	0.2914759002
0.7159567516	0.4675223002	0.360741719
0.7159567516	0.5431687207	0.4297789855
0.7159567516	0.6210993146	0.5033831133
0.7159567516	0.0671819193	0.061847348
0.7159567516	0.1398124157	0.1388916851
0.7159567516	0.2119846833	0.2160785123
0.7159567516	0.2857642848	0.2975906117
0.7159567516	0.3509715305	0.3747617585
0.7159567516	0.4231251394	0.470170086
0.7159567516	0.4917133021	0.566289665
0.7159567516	0.5565792493	0.6723313042
0.7159567516	0.0617024152	0.0793984508
0.7159567516	0.1250547115	0.1686042608
0.7159567516	0.1902025719	0.2623647449
0.7159567516	0.2506559595	0.3537736792
0.7159567516	0.3080718834	0.4448913638
0.7159567516	0.3681318952	0.5592428948
0.7159567516	0.4207114801	0.682757755
0.7159567516	0.05301857	0.0982970712
0.7159567516	0.1031305586	0.2000893507
0.7159567516	0.1550102987	0.3071921049
0.7159567516	0.2023331885	0.409455685
0.7159567516	0.2482935505	0.5210753444
0.7159567516	0.2939978251	0.6431137339
0.7159567516	0.0407946056	0.1143449133
0.7159567516	0.0806697684	0.2270986553
0.7159567516	0.118895948	0.3445561752
0.7159567516	0.1544597054	0.4594210716
0.7159567516	0.1877675253	0.579923992
0.7159567516	0.2194592281	0.7114573293
0.7159567516	0.021720739	0.1313643649
0.7159567516	0.0457518234	0.257883118
0.7159567516	0.0706346234	0.3841261106
0.7159567516	0.096050879	0.5078602163
0.7159567516	0.1205775421	0.6344862242
0.7159567516	6.83167722404E-05	0.1451675527
0.7159567516	0.0128524293	0.277491473
0.7159567516	0.0258451449	0.4109493294
0.7159567516	0.0378725692	0.5435165306
0.7159567516	0.0509866621	0.6824279374
0.7159567516	-0.017915971	0.1517464631
0.7159567516	-0.0293956524	0.2936090614
0.7159567516	-0.0321248521	0.4340535866
0.7159567516	-0.0290926534	0.5708758779
0.7159567516	-0.0251581179	0.7196857233
0.7159567516	-0.0327318815	0.1533398252
0.7159567516	-0.0559464274	0.2975906117
0.7159567516	-0.0719985706	0.4395435832
0.7159567516	-0.0838175735	0.5830670777
0.7159567516	-0.0464424212	0.1523588522
0.7159567516	-0.0819463831	0.2957497289
0.7159567516	-0.108633842	0.4356164375
0.7159567516	-0.1309070966	0.5828043395
0.7159567516	-0.0617955519	0.1462596354
0.7159567516	-0.1133839014	0.2815187282
0.7159567516	-0.1554018157	0.4126345455
0.7159567516	-0.1934402938	0.5555104101
0.7159567516	-0.2272306687	0.7114573293
0.7159567516	-0.0747909897	0.1370919736
0.7159567516	-0.1398930906	0.2594696979
0.7159567516	-0.1964254913	0.3791595892
0.7159567516	-0.2506904619	0.5083101311
0.7159567516	-0.3024440411	0.6513035293
0.7159567516	-0.095398722	0.1119141927
0.7159567516	-0.1759608719	0.2120442226
0.7159567516	-0.2506904619	0.312365687
0.7159567516	-0.3258693692	0.4179108159
0.7159567516	-0.4014850301	0.5318130886
0.7159567516	-0.4704977482	0.6479481564
0.7159567516	-0.1073692357	0.0887290401
0.7159567516	-0.1997482282	0.1702379883
0.7159567516	-0.2849057129	0.2474544115
0.7159567516	-0.3751694313	0.3297800262
0.7159567516	-0.4658327061	0.4124470437
0.7159567516	-0.5572325771	0.4976217499
0.7159567516	-0.6454365182	0.5822793091
0.7159567516	-0.1152873798	0.0636805237
0.7159567516	-0.2157839927	0.1187650049
0.7159567516	-0.3105714822	0.1701121755
0.7159567516	-0.4116009188	0.2240868257
0.7159567516	-0.5142879339	0.2761548849
0.7159567516	-0.1168751254	0.044290932
0.7159567516	-0.2204884047	0.0809451016
0.7159567516	-0.3176699435	0.1129548947
0.7159567516	-0.4183787908	0.1435931781
0.7159567516	-0.5255217363	0.1716234913
0.7159567516	-0.1165574661	0.03116206
0.7159567516	-0.2198155835	0.0561617309
0.7159567516	-0.3169587855	0.0775248586
0.7159567516	-0.4172472448	0.0969384241
0.7159567516	-0.1146526671	0.0174506737
0.7159567516	-0.2164552904	0.0316786167
0.7159567516	-0.3141170737	0.0435553677
0.7159567516	-0.4142335105	0.0532823006
0.7159567516	-0.1114823997	0.0070800426
0.7159567516	-0.2114267158	0.0097847089
0.7159567516	-0.3059730331	0.0107889159
0.7159567516	-0.4078472058	0.0106884346
0.7159567516	-0.1073692357	-0.0093387557
0.7159567516	-0.2037436812	-0.0207012849
0.7159567516	-0.291199182	-0.0325623395
0.7159567516	-0.3910581525	-0.0464845175
0.7159567516	-0.0991704663	-0.0243556279
0.7159567516	-0.1921151349	-0.0487188296
0.7159567516	-0.2741198507	-0.07198255
0.7159567516	-0.3663654924	-0.0980829663
0.7159567516	-0.0878783395	-0.0369163687
0.7159567516	-0.1749765364	-0.0756741565
0.7159567516	-0.2500060652	-0.1112511539
0.7159567516	-0.334826223	-0.1529627065
0.7159567516	-0.0757227331	-0.0468573483
0.7159567516	-0.1531318477	-0.0984322666
0.7159567516	-0.2218348117	-0.1477189816
0.7159567516	-0.2926008219	-0.2000503993
0.7159567516	-0.0596384687	-0.0553836306
0.7159567516	-0.124515556	-0.1179262698
0.7159567516	-0.1825369092	-0.1816240023
0.7159567516	-0.2353553565	-0.2462181801
0.7159567516	-0.0458309211	-0.0596121668
0.7159567516	-0.097597966	-0.1295197649
0.7159567516	-0.1408585135	-0.2000503993
0.7159567516	-0.1805615714	-0.2767355991
0.7159567516	-0.0296987005	-0.062814337
0.7159567516	-0.0645726318	-0.13812928
0.7159567516	-0.0941431903	-0.2142979831
0.7159567516	-0.1194183884	-0.295638227
0.7159567516	-0.143435485	-0.3831896944
0.7159567516	-0.0134037672	-0.0639092283
0.7159567516	-0.0278811471	-0.1446722599
0.7159567516	-0.0412510482	-0.2241179079
0.7159567516	-0.0498092619	-0.308569949
0.7159567516	-0.0565612586	-0.4016630322
0.7159567516	0.0009630429	-0.0655487151
0.7159567516	0.0009630429	-0.1455792134
0.7159567516	0.0030490901	-0.2286129084
0.7159567516	0.0098870805	-0.3142889676
0.7159567516	0.0184738381	-0.4075783619
0.7159567516	0.0169961352	-0.0640915622
0.7159567516	0.0367024998	-0.1441771387
0.7159567516	0.0619912004	-0.2280896887
0.7159567516	0.0917906131	-0.3147639366
0.7159567516	0.1289638211	-0.4064720169
0.7159567516	0.027903996	-0.0619921672
0.7159567516	0.0640114811	-0.1399565913
0.7159567516	0.1036958174	-0.2170285351
0.7159567516	0.1497734204	-0.2970919258
0.7159567516	0.2004510617	-0.3816128616
0.7159567516	0.2616440535	-0.4701955341
0.7159567516	0.0387496502	-0.0586030678
0.7159567516	0.0880907756	-0.1288472718
0.7159567516	0.1378696583	-0.1975751455
0.7159567516	0.1934446565	-0.268561685
0.7159567516	0.2553724788	-0.3417677683
0.7159567516	0.3220495961	-0.4160182522
0.7159567516	0.0463341806	-0.0518731841
0.7159567516	0.1039783851	-0.1144243937
0.7159567516	0.1627024631	-0.1761601103
0.7159567516	0.2247811138	-0.2372379457
0.7159567516	0.2927135302	-0.302883467
0.7159567516	0.3621792096	-0.3657620815
0.7159567516	0.4303495184	-0.4244451897
0.7159567516	0.0556278581	-0.0369163687
0.7159567516	0.1247751894	-0.0854057635
0.7159567516	0.1950637145	-0.1341282945
0.7159567516	0.2676360835	-0.1841460453
0.7159567516	0.3439670237	-0.2353121521
0.7159567516	0.4132114352	-0.2819560477
0.7159567516	0.4919468246	-0.3334969728
0.7159567516	0.5703576293	-0.3836307373
0.7159567516	0.648645461	-0.4345930092
0.7159567516	0.0602578366	-0.0278971584
0.7159567516	0.1359249702	-0.0634532087
0.7159567516	0.214123126	-0.1010471973
0.7159567516	0.2939978251	-0.1404542472
0.7159567516	0.3723380557	-0.1790944178
0.7159567516	0.4440078741	-0.2149814316
0.7159567516	0.5246208863	-0.255180011
0.7159567516	0.6109562671	-0.297921562
0.7159567516	0.6927431614	-0.3385344321
0.7159567516	0.7749292469	-0.3802230712
0.7159567516	0.8671091834	-0.4264953167
0.7159567516	0.0642999192	-0.0169325459
0.7159567516	0.1428614307	-0.0375767935
0.7159567516	0.2295587339	-0.0629969247
0.7159567516	0.3136744375	-0.087798085
0.7159567516	0.391038572	-0.1108213841
0.7159567516	0.4738902906	-0.1373805746
0.7159567516	0.5554459818	-0.1633520946
0.7159567516	0.6471241047	-0.1936931359
0.7159567516	0.7378668489	-0.2244182999
0.7159567516	0.8301180641	-0.2560494769
0.7159567516	0.0668939138	-0.0036425009
0.7159567516	0.1472879096	-0.0080657227
0.7159567516	0.2377602408	-0.0144096827
0.7159567516	0.3258451941	-0.0207976755
0.7159567516	0.4017889085	-0.0278971584
0.7159567516	0.4945138863	-0.038425084
0.7159567516	0.581810568	-0.0490905928
0.7159567516	0.6749941821	-0.0622663193
0.7159567516	0.7633992964	-0.0747753496
0.7159567516	0.0686212998	0.0061806465
0.7159567516	0.149497408	0.014213321
0.7159567516	0.2398713259	0.0216191625
0.7159567516	0.3260979843	0.0266318382
0.7159567516	0.40714339	0.0309555384
0.7159567516	0.5026613458	0.0336448313
0.7159567516	0.5940946792	0.0342668303
0.7159567516	0.6854895683	0.0338521061
0.8134653169	0.0580645146	0.0136866541
0.8134653169	0.1496117233	0.0382624113
0.8134653169	0.23897024	0.0608295717
0.8134653169	0.3342104808	0.0840446254
0.8134653169	0.4222187991	0.1043913638
0.8134653169	0.0582995052	0.022044719
0.8134653169	0.1505123623	0.0597940023
0.8134653169	0.2381051809	0.0937026747
0.8134653169	0.3304773257	0.1316739247
0.8134653169	0.4212215652	0.1685283867
0.8134653169	0.0585344699	0.0303216099
0.8134653169	0.1500620895	0.0833338562
0.8134653169	0.2333413114	0.1301642896
0.8134653169	0.3259062017	0.1808188393
0.8134653169	0.4140287309	0.2298578745
0.8134653169	0.0573593868	0.0420508281
0.8134653169	0.1478093246	0.1101579785
0.8134653169	0.2281326487	0.1738994759
0.8134653169	0.3140196402	0.2433353812
0.8134653169	0.3951408413	0.3086939041
0.8134653169	0.0564188526	0.0542075597
0.8134653169	0.1401323911	0.1423248639
0.8134653169	0.212213762	0.22310547
0.8134653169	0.2866729414	0.3086939041
0.8134653169	0.3562760802	0.388935416
0.8134653169	0.0535947508	0.0719591189
0.8134653169	0.1242407695	0.1757984543
0.8134653169	0.1866789109	0.2663019667
0.8134653169	0.2523357205	0.3667613045
0.8134653169	0.3062701399	0.4626437832
0.8134653169	0.368556278	0.5718239648
0.8134653169	0.0467542965	0.0955041721
0.8134653169	0.0997209246	0.2053987911
0.8134653169	0.1500620895	0.3088143486
0.8134653169	0.2021233352	0.426722008
0.8134653169	0.2454474529	0.5307438498
0.8134653169	0.2900567087	0.6494775825
0.8134653169	0.3275694976	0.7732571823
0.8134653169	0.0353834534	0.114580224
0.8134653169	0.072585119	0.2308276565
0.8134653169	0.1130466848	0.3451854794
0.8134653169	0.1511875967	0.469716696
0.8134653169	0.1837986487	0.5865973771
0.8134653169	0.2148384634	0.7126027109
0.8134653169	0.0177327271	0.1337544971
0.8134653169	0.0389434034	0.2585263755
0.8134653169	0.0639315101	0.3837921668
0.8134653169	0.0888615017	0.513672862
0.8134653169	0.1125885467	0.6364119897
0.8134653169	0.1342434007	0.7675023329
0.8134653169	-0.0029678545	0.1491540409
0.8134653169	0.0033119986	0.2792240433
0.8134653169	0.014616613	0.4141573894
0.8134653169	0.0287221396	0.5449866741
0.8134653169	0.0432074586	0.6771039778
0.8134653169	0.0559484295	0.8166744981
0.8134653169	-0.0214330523	0.157703942
0.8134653169	-0.0371103764	0.2958086415
0.8134653169	-0.0422803383	0.4361672623
0.8134653169	-0.0432665533	0.5760842989
0.8134653169	-0.0412945914	0.7162499728
0.8134653169	-0.0363728589	0.1620151841
0.8134653169	-0.060353009	0.3012673433
0.8134653169	-0.0795887204	0.443383648
0.8134653169	-0.0939447965	0.5877358462
0.8134653169	-0.1035716231	0.7293638066
0.8134653169	-0.0491937045	0.1624083325
0.8134653169	-0.0838598723	0.3004338788
0.8134653169	-0.1140095149	0.4436799899
0.8134653169	-0.1371110943	0.5856504632
0.8134653169	-0.1557835153	0.730368332
0.8134653169	-0.0635880447	0.1580948635
0.8134653169	-0.1147753614	0.2878173523
0.8134653169	-0.1591733736	0.4248499776
0.8134653169	-0.1973754748	0.5592358505
0.8134653169	-0.232257306	0.7082620424
0.8134653169	-0.0763285161	0.147224162
0.8134653169	-0.1373692587	0.2709631025
0.8134653169	-0.1973754748	0.3970032551
0.8134653169	-0.2518436115	0.5200366401
0.8134653169	-0.3036439788	0.6550567711
0.8134653169	-0.0990059076	0.120701956
0.8134653169	-0.182535299	0.2240662645
0.8134653169	-0.26006228	0.3291091392
0.8134653169	-0.3313503267	0.4342667209
0.8134653169	-0.4044823965	0.5439323462
0.8134653169	-0.4762419672	0.6628837062
0.8134653169	-0.1137542966	0.0962259205
0.8134653169	-0.2059052696	0.1795103022
0.8134653169	-0.2991577887	0.263813504
0.8134653169	-0.3833004553	0.3394895842
0.8134653169	-0.4765493574	0.4254253913
0.8134653169	-0.5663116582	0.5121757966
0.8134653169	-0.6542941917	0.595772526
0.8134653169	-0.7440221717	0.6816316657
0.8134653169	-0.1216809513	0.0689005777
0.8134653169	-0.221459149	0.125746676
0.8134653169	-0.3296425842	0.1857716908
0.8134653169	-0.4229139488	0.237000006
0.8134653169	-0.5219848081	0.2905099955
0.8134653169	-0.6280436324	0.3436618175
0.8134653169	-0.1234751156	0.0483190843
0.8134653169	-0.2257713646	0.0857352469
0.8134653169	-0.3367681599	0.123220225
0.8134653169	-0.4367062392	0.1548757528
0.8134653169	-0.5381239744	0.1829374734
0.8134653169	-0.1227059945	0.0338228247
0.8134653169	-0.2263110506	0.0604842346
0.8134653169	-0.3350556222	0.0858243264
0.8134653169	-0.4324978789	0.1052125798
0.8134653169	-0.5355829196	0.1250908808
0.8134653169	-0.1201443529	0.0199062254
0.8134653169	-0.2241531864	0.0351605503
0.8134653169	-0.3290736718	0.0486592845
0.8134653169	-0.4271009213	0.0594491068
0.8134653169	-0.5270327992	0.0690750385
0.8134653169	-0.1175859272	0.0094577891
0.8134653169	-0.2211899461	0.0138497323
0.8134653169	-0.3205599994	0.0171999003
0.8134653169	-0.4196306919	0.0179371143
0.8134653169	-0.1106941628	-0.006292319
0.8134653169	-0.2104515953	-0.0145312727
0.8134653169	-0.3070154203	-0.0250300253
0.8134653169	-0.4065544105	-0.0377056563
0.8134653169	-0.100273141	-0.0235492654
0.8134653169	-0.1949830157	-0.0440500111
0.8134653169	-0.2913317187	-0.0714103351
0.8134653169	-0.3824229707	-0.0947126563
0.8134653169	-0.0899048811	-0.0344773072
0.8134653169	-0.1812156106	-0.0711151101
0.8134653169	-0.2688668592	-0.1082635486
0.8134653169	-0.3548423016	-0.1449482661
0.8134653169	-0.0760779448	-0.0431356441
0.8134653169	-0.1630918363	-0.0943532488
0.8134653169	-0.2406665244	-0.144744359
0.8134653169	-0.3160346282	-0.1970016746
0.8134653169	-0.058613161	-0.0508014685
0.8134653169	-0.1309249768	-0.1169976167
0.8134653169	-0.1928587847	-0.1837386746
0.8134653169	-0.2575930767	-0.2577142994
0.8134653169	-0.0435131803	-0.0550978912
0.8134653169	-0.1030638182	-0.1289045391
0.8134653169	-0.1531797975	-0.2053161004
0.8134653169	-0.2032357927	-0.2900805231
0.8134653169	-0.0304821117	-0.0581751812
0.8134653169	-0.0668281534	-0.1402468164
0.8134653169	-0.1017948569	-0.2219159744
0.8134653169	-0.1371110943	-0.3154662091
0.8134653169	-0.013395238	-0.0600462377
0.8134653169	-0.0312175441	-0.1458313367
0.8134653169	-0.0491937045	-0.2339155975
0.8134653169	-0.0015169882	-0.060270494
0.8134653169	-0.0024841208	-0.1465778831
0.8134653169	-0.0010335891	-0.2414238358
0.8134653169	0.0143767208	-0.0577255272
0.8134653169	0.0337200915	-0.143724139
0.8134653169	0.0573593868	-0.237677072
0.8134653169	0.024906224	-0.0538187316
0.8134653169	0.0597089043	-0.135246212
0.8134653169	0.1034052509	-0.2248521147
0.8134653169	0.1594982956	-0.3217549408
0.8134653169	0.0325311744	-0.0490617635
0.8134653169	0.0832949703	-0.1272428506
0.8134653169	0.1367368505	-0.204105493
0.8134653169	0.1983825215	-0.2865757191
0.8134653169	0.0370455086	-0.0442023112
0.8134653169	0.0983376715	-0.113626783
0.8134653169	0.1594982956	-0.1800825709
0.8134653169	0.230087334	-0.2522742517
0.8134653169	0.3008085438	-0.3211900083
0.8134653169	0.0455726762	-0.030308607
0.8134653169	0.1226451652	-0.0821914624
0.8134653169	0.1888919239	-0.1284894035
0.8134653169	0.2767034638	-0.1874453806
0.8134653169	0.3523735065	-0.2379847353
0.8134653169	0.4327631027	-0.2901388308
0.8134653169	0.0500593366	-0.0219877821
0.8134653169	0.1310657602	-0.0592234693
0.8134653169	0.2117760078	-0.0979407879
0.8134653169	0.2980727636	-0.1396317892
0.8134653169	0.3803646532	-0.1798863019
0.8134653169	0.4627399772	-0.2199116967
0.8134653169	0.5555236623	-0.2657577268
0.8134653169	0.0531237021	-0.0132689591
0.8134653169	0.1380957052	-0.0340921685
0.8134653169	0.2276980395	-0.0560747998
0.8134653169	0.3175713091	-0.0816081267
0.8134653169	0.4017893803	-0.1050727119
0.8134653169	0.4954296601	-0.1338713604
0.8134653169	0.5865898518	-0.1618494336
0.8134653169	0.0557131789	-0.0027022794
0.8134653169	0.1437484492	-0.0058941811
0.8134653169	0.2368069591	-0.0106594707
0.8134653169	0.3317223948	-0.0173646165
0.8134653169	0.4184270162	-0.0246406012
0.8134653169	0.5215629257	-0.0344773072
0.8134653169	0.0573593868	0.0056538992
0.8134653169	0.1473584911	0.0156457048
0.8134653169	0.2398349617	0.0242713227
0.8134653169	0.3358676876	0.0300720918
0.8134653169	0.4232156025	0.0360815016
0.8134653169	0.5299561139	0.0399439894
0.9108023195	0.0560808949	0.0139470247
0.9108023195	0.156412069	0.0417584502
0.9108023195	0.2552038343	0.0673075475
0.9108023195	0.0519850439	0.0194823949
0.9108023195	0.1577190405	0.0638869822
0.9108023195	0.2552038343	0.1049398646
0.9108023195	0.0566654304	0.031752295
0.9108023195	0.1573456931	0.0897224541
0.9108023195	0.2487418286	0.144351159
0.9108023195	0.0570550396	0.0434949042
0.9108023195	0.1547306245	0.1202004499
0.9108023195	0.2370306384	0.1925067335
0.9108023195	0.0558860172	0.0553220694
0.9108023195	0.145367607	0.1522669002
0.9108023195	0.2223571182	0.2383819031
0.9108023195	0.0537412885	0.0757007561
0.9108023195	0.128609721	0.1860054161
0.9108023195	0.1905316203	0.2872218047
0.9108023195	0.0445551777	0.0997391266
0.9108023195	0.1006688433	0.2214306492
0.9108023195	0.1508026372	0.3298376025
0.9108023195	0.032972164	0.122630812
0.9108023195	0.0718122957	0.2497366335
0.9108023195	0.1073514507	0.3663801206
0.9108023195	0.143114995	0.4871975833
0.9108023195	0.0143977281	0.143103918
0.9108023195	0.0353327075	0.2776130007
0.9108023195	0.0570550396	0.4038443274
0.9108023195	0.0805065276	0.5320931196
0.9108023195	-0.0053272108	0.1571629476
0.9108023195	-0.0031272104	0.2969505391
0.9108023195	0.0072444916	0.4296064003
0.9108023195	0.0197481855	0.5627649024
0.9108023195	0.0319878963	0.6917450404
0.9108023195	0.0459256175	0.8250413165
0.9108023195	-0.0248187656	0.1659200109
0.9108023195	-0.0422394392	0.3106262245
0.9108023195	-0.0509997679	0.4515621678
0.9108023195	-0.0556993608	0.5912361682
0.9108023195	-0.056926936	0.7254370894
0.9108023195	-0.0567222942	0.8689351502
0.9108023195	-0.0406133089	0.1712989053
0.9108023195	-0.0680049877	0.3156250331
0.9108023195	-0.088663621	0.458567051
0.9108023195	-0.1038643355	0.6013597055
0.9108023195	-0.113915414	0.7389087962
0.9108023195	-0.1208516527	0.8860289568
0.9108023195	-0.0522248156	0.1718628759
0.9108023195	-0.0897015117	0.3157214844
0.9108023195	-0.1202202007	0.458215125
0.9108023195	-0.1466824752	0.6057492032
0.9108023195	-0.1661459588	0.7418650648
0.9108023195	-0.0659494243	0.1675220435
0.9108023195	-0.120430665	0.3088078303
0.9108023195	-0.1648574035	0.4457780574
0.9108023195	-0.2066858155	0.5883735334
0.9108023195	-0.2404181469	0.7227454993
0.9108023195	-0.2710706465	0.8748855884
0.9108023195	-0.080584358	0.1592246015
0.9108023195	-0.1451922925	0.2951640505
0.9108023195	-0.205373465	0.42522894
0.9108023195	-0.2618519707	0.5575736859
0.9108023195	-0.3101771974	0.6871858914
0.9108023195	-0.356796642	0.8276480147
0.9108023195	-0.1061637517	0.1328062078
0.9108023195	-0.1907716435	0.2426760109
0.9108023195	-0.2744531273	0.3586821524
0.9108023195	-0.3500073838	0.4673049992
0.9108023195	-0.425428649	0.5821211889
0.9108023195	-0.4938808444	0.6956573608
0.9108023195	-0.5589918028	0.81135854
0.9108023195	-0.1214832822	0.1046418421
0.9108023195	-0.2183123296	0.1930025968
0.9108023195	-0.3256045654	0.2888969375
0.9108023195	-0.4097424802	0.3673092737
0.9108023195	-0.5046738293	0.4579806069
0.9108023195	-0.5899827878	0.5370838208
0.9108023195	-0.6801674586	0.6240794331
0.9108023195	-0.7715180758	0.714041626
0.9108023195	-0.8607817231	0.8040263456
0.9108023195	-0.129710673	0.0751963578
0.9108023195	-0.2362008508	0.1372043208
0.9108023195	-0.3539846698	0.2051614296
0.9108023195	-0.4537179201	0.2600868386
0.9108023195	-0.5553768107	0.3158179479
0.9108023195	-0.6520840604	0.367619251
0.9108023195	-0.130979107	0.0537735875
0.9108023195	-0.2421962854	0.0944219147
0.9108023195	-0.3633723918	0.1355813316
0.9108023195	-0.4704816982	0.1688861794
0.9108023195	-0.5703953615	0.1979776745
0.9108023195	-0.130556216	0.037121158
0.9108023195	-0.2435308387	0.0668792573
0.9108023195	-0.3636076164	0.0955270052
0.9108023195	-0.4707292375	0.1193665917
0.9108023195	-0.5690962633	0.138597912
0.9108023195	-0.1280205428	0.0231460385
0.9108023195	-0.2397517175	0.0403024073
0.9108023195	-0.3572656652	0.0553925186
0.9108023195	-0.467019248	0.0691658592
0.9108023195	-0.5618366804	0.0776489899
0.9108023195	-0.1252767933	0.0111918376
0.9108023195	-0.235092385	0.0167780295
0.9108023195	-0.3514102847	0.0210410377
0.9108023195	-0.4591267049	0.0233500063
0.9108023195	-0.5540873009	0.023826109
0.9108023195	-0.1179063929	-0.0037828675
0.9108023195	-0.2271279405	-0.0103611463
0.9108023195	-0.3402128147	-0.0190386719
0.9108023195	-0.4475885898	-0.0300782006
0.9108023195	-0.1070004848	-0.0223448244
0.9108023195	-0.2128204733	-0.0440927617
0.9108023195	-0.3200656016	-0.0681299104
0.9108023195	-0.4271249473	-0.0934416113
0.9108023195	-0.0953143645	-0.0333456641
0.9108023195	-0.1964265674	-0.0724973365
0.9108023195	-0.2978231841	-0.1104674211
0.9108023195	-0.0781042137	-0.0452302429
0.9108023195	-0.1756182527	-0.0997269842
0.9108023195	-0.0616387768	-0.0519638704
0.9108023195	-0.1451922925	-0.1254599143
0.9108023195	-0.04488437	-0.0545314287
0.9108023195	-0.1158049952	-0.1399414682
0.9108023195	-0.0333099884	-0.0566553743
0.9108023195	-0.0834812925	-0.1502547399
0.9108023195	-0.0133449661	-0.0572791627
0.9108023195	-0.0021279037	-0.0569049387
0.9108023195	0.0128100303	-0.0549065876
0.9108023195	0.0235059305	-0.0504576807
0.9108023195	0.0640569216	-0.1480983601
0.9108023195	0.0310032115	-0.0495779641
0.9108023195	0.0839752231	-0.1339092085
0.9108023195	0.035136087	-0.0435235074
0.9108023195	0.1023890366	-0.1256342595
0.9108023195	0.0445551777	-0.0292434952
0.9108023195	0.1295543167	-0.0849366352
0.9108023195	0.2092388497	-0.1391392833
0.9108023195	0.0484685843	-0.0210496892
0.9108023195	0.1387915175	-0.0608269746
0.9108023195	0.2263513203	-0.1005619716
0.9108023195	0.0519850439	-0.0124563801
0.9108023195	0.1440538425	-0.0346239266
0.9108023195	0.2413613483	-0.0579025425
0.9108023195	0.0543264099	-0.0020648311
0.9108023195	0.1506154286	-0.0046406904
0.9108023195	0.2507181515	-0.0094429926
0.9108023195	0.0556911232	0.0063733847
0.9108023195	0.1537959762	0.018129212
0.9108023195	0.2543073587	0.0288060728

