0.3629	0.271	0.0121
0.392	0.2423	0.0121
0.4151	0.2169	0.0121
0.3768	0.2816	0.0121
0.4166	0.2569	0.0121
0.4515	0.2329	0.0121
0.3908	0.2929	0.0121
0.442	0.2728	0.0121
0.402	0.3034	0.0121
0.466	0.2888	0.0121
0.4128	0.3154	0.0121
0.4933	0.3068	0.0121
0.4258	0.3344	0.0121
0.5311	0.3371	0.0121
0.6048	0.327	0.0121
0.4377	0.358	0.0121
0.443	0.3775	0.0121
0.4446	0.3982	0.0121
0.4362	0.4177	0.0121
0.423	0.4265	0.0121
0.4042	0.4287	0.0121
0.3802	0.4212	0.0121
0.354	0.4088	0.0121
0.3359	0.3982	0.0121
0.3154	0.384	0.0121
0.3133	0.538	0.0121
0.3006	0.372	0.0121
0.291	0.3634	0.0121
0.2833	0.3564	0.0121
0.2758	0.3484	0.0121
0.2689	0.3407	0.0121
0.26	0.3289	0.0121
0.25	0.3141	0.0121
0.243	0.3023	0.0121
0.2362	0.2882	0.0121
0.2322	0.2781	0.0121
0.2291	0.2677	0.0121
0.2291	0.2579	0.0121
0.2309	0.2491	0.0121
0.236	0.242	0.0121
0.2427	0.2368	0.0121
0.2012	0.1867	0.0121
0.2547	0.231	0.0121
0.2232	0.1821	0.0121
0.2	0.1422	0.0121
0.1872	0.1141	0.0121
0.1804	0.095	0.0121
0.1763	0.0804	0.0121
0.2677	0.228	0.0121
0.2459	0.1828	0.0121
0.229	0.147	0.0121
0.219	0.1228	0.0121
0.212	0.1029	0.0121
0.2808	0.2296	0.0121
0.2668	0.1874	0.0121
0.257	0.1559	0.0121
0.2496	0.1303	0.0121
0.2936	0.233	0.0121
0.2854	0.1927	0.0121
0.2794	0.1628	0.0121
0.2742	0.1375	0.0121
0.303	0.2361	0.0121
0.2991	0.1974	0.0121
0.296	0.1682	0.0121
0.3132	0.2404	0.0121
0.3132	0.2032	0.0121
0.3126	0.1737	0.0121
0.324	0.2459	0.0121
0.329	0.2095	0.0121
0.3321	0.1811	0.0121
0.3378	0.2542	0.0121
0.3503	0.2196	0.0121
0.3588	0.192	0.0121
0.3498	0.2617	0.0121
0.3705	0.23	0.0121
0.3865	0.2036	0.0121
0.3532	0.2957	0.03126
0.385	0.2778	0.03126
0.4139	0.2608	0.03126
0.4428	0.2419	0.03126
0.3614	0.3033	0.03126
0.4021	0.29	0.03126
0.439	0.276	0.03126
0.4776	0.2593	0.03126
0.3692	0.3111	0.03126
0.4184	0.3032	0.03126
0.4642	0.2934	0.03126
0.5143	0.28	0.03126
0.3751	0.3181	0.03126
0.4335	0.3169	0.03126
0.4875	0.3123	0.03126
0.5433	0.3027	0.03126
0.3811	0.3274	0.03126
0.4481	0.333	0.03126
0.5095	0.3331	0.03126
0.5713	0.3259	0.03126
0.3852	0.3365	0.03126
0.4598	0.3508	0.03126
0.528	0.3581	0.03126
0.388	0.3476	0.03126
0.4674	0.3738	0.03126
0.5426	0.3925	0.03126
0.3889	0.359	0.03126
0.469	0.3964	0.03126
0.3872	0.3688	0.03126
0.4676	0.4168	0.03126
0.3825	0.3785	0.03126
0.4627	0.4392	0.03126
0.3757	0.3839	0.03126
0.4543	0.4573	0.03126
0.366	0.3858	0.03126
0.4401	0.4723	0.03126
0.3556	0.3848	0.03126
0.4188	0.4789	0.03126
0.3421	0.3803	0.03126
0.3881	0.4752	0.03126
0.3309	0.3743	0.03126
0.3582	0.465	0.03126
0.3165	0.365	0.03126
0.3248	0.4457	0.03126
0.326	0.5379	0.03126
0.3069	0.358	0.03126
0.2986	0.424	0.03126
0.2852	0.4972	0.03126
0.2978	0.3507	0.03126
0.2763	0.3998	0.03126
0.2918	0.345	0.03126
0.264	0.3845	0.03126
0.2869	0.34	0.03126
0.254	0.3705	0.03126
0.282	0.3341	0.03126
0.2442	0.3559	0.03126
0.2765	0.3271	0.03126
0.2343	0.3378	0.03126
0.2697	0.3175	0.03126
0.2651	0.3098	0.03126
0.2606	0.301	0.03126
0.2578	0.294	0.03126
0.2559	0.2874	0.03126
0.2545	0.2799	0.03126
0.2063	0.24	0.03126
0.2558	0.2725	0.03126
0.2102	0.2313	0.03126
0.2592	0.2675	0.03126
0.2175	0.2245	0.03126
0.2638	0.2624	0.03126
0.2263	0.2192	0.03126
0.1942	0.1811	0.03126
0.2712	0.2582	0.03126
0.242	0.2148	0.03126
0.2189	0.179	0.03126
0.2005	0.1495	0.03126
0.1882	0.1258	0.03126
0.1813	0.1094	0.03126
0.1762	0.0955	0.03126
0.1728	0.0839	0.03126
0.1701	0.0742	0.03126
0.2803	0.2567	0.03126
0.26	0.2162	0.03126
0.244	0.184	0.03126
0.2294	0.1551	0.03126
0.22	0.133	0.03126
0.2139	0.117	0.03126
0.2087	0.1026	0.03126
0.2892	0.2583	0.03126
0.2758	0.2208	0.03126
0.2661	0.1921	0.03126
0.257	0.1635	0.03126
0.2501	0.1422	0.03126
0.2449	0.1245	0.03126
0.2984	0.2612	0.03126
0.2908	0.2261	0.03126
0.285	0.1992	0.03126
0.2791	0.1707	0.03126
0.2748	0.15	0.03126
0.2709	0.132	0.03126
0.3071	0.2647	0.03126
0.3048	0.2321	0.03126
0.3025	0.2058	0.03126
0.3	0.1781	0.03126
0.2979	0.1569	0.03126
0.3161	0.2691	0.03126
0.3189	0.239	0.03126
0.3207	0.2132	0.03126
0.3219	0.1862	0.03126
0.323	0.1659	0.03126
0.3279	0.2754	0.03126
0.3382	0.2496	0.03126
0.347	0.2259	0.03126
0.3555	0.2003	0.03126
0.3617	0.18	0.03126
0.3383	0.2829	0.03126
0.3558	0.2597	0.03126
0.3708	0.238	0.03126
0.3858	0.214	0.03126
0.3459	0.2892	0.03126
0.3702	0.2683	0.03126
0.3918	0.249	0.03126
0.4137	0.2276	0.03126
0.3526	0.3068	0.06555
0.3889	0.2969	0.06555
0.4218	0.2864	0.06555
0.4552	0.2741	0.06555
0.4851	0.2618	0.06555
0.3591	0.313	0.06555
0.4021	0.3076	0.06555
0.4409	0.3009	0.06555
0.4821	0.2918	0.06555
0.5191	0.2811	0.06555
0.3645	0.319	0.06555
0.4148	0.319	0.06555
0.4592	0.3168	0.06555
0.5064	0.3114	0.06555
0.55	0.3024	0.06555
0.369	0.3248	0.06555
0.424	0.3302	0.06555
0.4738	0.3316	0.06555
0.5251	0.3297	0.06555
0.573	0.324	0.06555
0.3728	0.3314	0.06555
0.4308	0.3412	0.06555
0.4854	0.3467	0.06555
0.5393	0.3477	0.06555
0.5871	0.344	0.06555
0.3757	0.3391	0.06555
0.436	0.3563	0.06555
0.4954	0.3692	0.06555
0.5475	0.3771	0.06555
0.3771	0.3476	0.06555
0.4376	0.3715	0.06555
0.4966	0.3908	0.06555
0.3771	0.3549	0.06555
0.4378	0.3865	0.06555
0.493	0.4116	0.06555
0.3747	0.363	0.06555
0.4341	0.4018	0.06555
0.4872	0.4326	0.06555
0.3703	0.37	0.06555
0.4277	0.4166	0.06555
0.3646	0.3748	0.06555
0.4191	0.4283	0.06555
0.3589	0.3778	0.06555
0.4086	0.4379	0.06555
0.3513	0.3789	0.06555
0.3961	0.4452	0.06555
0.3412	0.3768	0.06555
0.3772	0.4484	0.06555
0.3319	0.3729	0.06555
0.3554	0.4429	0.06555
0.375	0.5109	0.06555
0.318	0.3644	0.06555
0.327	0.4288	0.06555
0.3333	0.4967	0.06555
0.3088	0.3578	0.06555
0.3053	0.4123	0.06555
0.2992	0.4717	0.06555
0.2999	0.35	0.06555
0.2836	0.3915	0.06555
0.2642	0.4342	0.06555
0.2935	0.3439	0.06555
0.2711	0.378	0.06555
0.289	0.3391	0.06555
0.2618	0.3667	0.06555
0.2844	0.3337	0.06555
0.2525	0.3537	0.06555
0.2799	0.3271	0.06555
0.2437	0.3386	0.06555
0.2742	0.3192	0.06555
0.2343	0.32	0.06555
0.2699	0.312	0.06555
0.2272	0.3041	0.06555
0.266	0.305	0.06555
0.2221	0.2886	0.06555
0.2636	0.2983	0.06555
0.2183	0.2748	0.06555
0.2617	0.2921	0.06555
0.2176	0.2632	0.06555
0.2616	0.2857	0.06555
0.22	0.2536	0.06555
0.2631	0.2801	0.06555
0.2246	0.2467	0.06555
0.2663	0.2756	0.06555
0.2312	0.2405	0.06555
0.2022	0.2101	0.06555
0.2708	0.2719	0.06555
0.2393	0.2361	0.06555
0.2122	0.2052	0.06555
0.1908	0.1799	0.06555
0.2777	0.2687	0.06555
0.252	0.2319	0.06555
0.2311	0.201	0.06555
0.2149	0.1761	0.06555
0.2005	0.1536	0.06555
0.1903	0.1353	0.06555
0.1824	0.1188	0.06555
0.1765	0.1048	0.06555
0.173	0.0948	0.06555
0.1702	0.0867	0.06555
0.1677	0.0782	0.06555
0.1658	0.0711	0.06555
0.2847	0.267	0.06555
0.266	0.2319	0.06555
0.2511	0.2031	0.06555
0.2387	0.1786	0.06555
0.2278	0.1565	0.06555
0.2206	0.1407	0.06555
0.2142	0.125	0.06555
0.2092	0.1118	0.06555
0.206	0.102	0.06555
0.203	0.093	0.06555
0.2922	0.268	0.06555
0.2792	0.2342	0.06555
0.2691	0.2072	0.06555
0.2615	0.1845	0.06555
0.2548	0.1638	0.06555
0.2498	0.148	0.06555
0.2449	0.1325	0.06555
0.241	0.1198	0.06555
0.238	0.1094	0.06555
0.2997	0.27	0.06555
0.2928	0.2386	0.06555
0.287	0.2135	0.06555
0.2819	0.191	0.06555
0.2772	0.1707	0.06555
0.2739	0.1539	0.06555
0.2707	0.1397	0.06555
0.268	0.1272	0.06555
0.3088	0.274	0.06555
0.3072	0.2448	0.06555
0.3057	0.2208	0.06555
0.3037	0.1981	0.06555
0.302	0.1794	0.06555
0.3003	0.1618	0.06555
0.2992	0.1475	0.06555
0.317	0.279	0.06555
0.3214	0.2517	0.06555
0.3243	0.2293	0.06555
0.3269	0.2075	0.06555
0.3286	0.1889	0.06555
0.3301	0.1715	0.06555
0.3272	0.2861	0.06555
0.34	0.2624	0.06555
0.3501	0.2425	0.06555
0.3598	0.2233	0.06555
0.3681	0.2054	0.06555
0.3754	0.1898	0.06555
0.337	0.294	0.06555
0.3586	0.2742	0.06555
0.3765	0.2569	0.06555
0.393	0.2395	0.06555
0.4073	0.2235	0.06555
0.345	0.3001	0.06555
0.3739	0.2851	0.06555
0.399	0.2708	0.06555
0.4234	0.2556	0.06555
0.4445	0.2419	0.06555
0.3417	0.3106	0.12
0.3715	0.3042	0.12
0.3999	0.2972	0.12
0.4282	0.289	0.12
0.4528	0.2811	0.12
0.4789	0.2717	0.12
0.502	0.2623	0.12
0.3461	0.315	0.12
0.3806	0.3125	0.12
0.4141	0.3085	0.12
0.4472	0.3031	0.12
0.4774	0.2969	0.12
0.5072	0.2897	0.12
0.5369	0.281	0.12
0.3508	0.32	0.12
0.3916	0.3223	0.12
0.4299	0.3226	0.12
0.469	0.3209	0.12
0.5043	0.3176	0.12
0.5385	0.3129	0.12
0.5734	0.3057	0.12
0.3538	0.3236	0.12
0.399	0.33	0.12
0.4415	0.334	0.12
0.485	0.3359	0.12
0.5235	0.3351	0.12
0.5603	0.3321	0.12
0.5959	0.3269	0.12
0.3582	0.3294	0.12
0.4078	0.3412	0.12
0.4535	0.35	0.12
0.4995	0.3557	0.12
0.5418	0.358	0.12
0.5801	0.3588	0.12
0.3624	0.3367	0.12
0.4141	0.3539	0.12
0.4612	0.3674	0.12
0.5071	0.3777	0.12
0.5475	0.3856	0.12
0.3651	0.3442	0.12
0.4187	0.3679	0.12
0.4651	0.3859	0.12
0.507	0.3994	0.12
0.3662	0.3504	0.12
0.4208	0.3809	0.12
0.4655	0.4029	0.12
0.5038	0.4204	0.12
0.366	0.359	0.12
0.4189	0.3948	0.12
0.4618	0.4213	0.12
0.3633	0.3654	0.12
0.4138	0.4076	0.12
0.4542	0.4391	0.12
0.359	0.3701	0.12
0.4069	0.4188	0.12
0.4451	0.455	0.12
0.3542	0.3727	0.12
0.3982	0.4272	0.12
0.4331	0.4688	0.12
0.3436	0.3732	0.12
0.3871	0.4321	0.12
0.419	0.4795	0.12
0.3382	0.3706	0.12
0.3708	0.4329	0.12
0.3968	0.4857	0.12
0.3312	0.3678	0.12
0.3538	0.4284	0.12
0.3718	0.4852	0.12
0.3185	0.3604	0.12
0.3281	0.4157	0.12
0.3355	0.4739	0.12
0.34	0.5348	0.12
0.3109	0.355	0.12
0.31	0.4018	0.12
0.3069	0.455	0.12
0.3008	0.5095	0.12
0.3012	0.347	0.12
0.2891	0.3821	0.12
0.2735	0.4215	0.12
0.2959	0.3417	0.12
0.2781	0.3704	0.12
0.2581	0.3992	0.12
0.2919	0.3371	0.12
0.2702	0.3602	0.12
0.2467	0.3822	0.12
0.288	0.3327	0.12
0.2628	0.3498	0.12
0.284	0.327	0.12
0.2552	0.3375	0.12
0.2799	0.3208	0.12
0.248	0.3232	0.12
0.2764	0.3148	0.12
0.2429	0.3108	0.12
0.274	0.3091	0.12
0.2384	0.2984	0.12
0.2727	0.3038	0.12
0.236	0.2872	0.12
0.2723	0.2992	0.12
0.2363	0.2782	0.12
0.2733	0.2947	0.12
0.2388	0.2704	0.12
0.2102	0.247	0.12
0.2753	0.291	0.12
0.2429	0.2648	0.12
0.2157	0.2407	0.12
0.2782	0.2876	0.12
0.2487	0.2597	0.12
0.2235	0.2343	0.12
0.1995	0.2094	0.12
0.2816	0.2842	0.12
0.2562	0.256	0.12
0.2325	0.23	0.12
0.2103	0.205	0.12
0.1925	0.1843	0.12
0.2861	0.2819	0.12
0.2657	0.2528	0.12
0.2471	0.2266	0.12
0.2304	0.2023	0.12
0.2158	0.1811	0.12
0.2037	0.1629	0.12
0.1941	0.1468	0.12
0.1861	0.1316	0.12
0.1798	0.1185	0.12
0.1742	0.1058	0.12
0.1713	0.098	0.12
0.1684	0.0899	0.12
0.1659	0.0825	0.12
0.2911	0.2804	0.12
0.2759	0.2522	0.12
0.2618	0.2263	0.12
0.2497	0.2038	0.12
0.2388	0.1837	0.12
0.2298	0.1659	0.12
0.222	0.1503	0.12
0.217	0.1373	0.12
0.212	0.1256	0.12
0.2075	0.114	0.12
0.2048	0.1064	0.12
0.202	0.0985	0.12
0.1994	0.0904	0.12
0.2962	0.2807	0.12
0.2855	0.2531	0.12
0.2763	0.23	0.12
0.2685	0.2089	0.12
0.2619	0.1903	0.12
0.2559	0.173	0.12
0.2509	0.1585	0.12
0.2467	0.1452	0.12
0.243	0.1332	0.12
0.2394	0.1221	0.12
0.2371	0.1143	0.12
0.3022	0.2825	0.12
0.2958	0.2565	0.12
0.2903	0.2347	0.12
0.2855	0.215	0.12
0.2814	0.1967	0.12
0.2778	0.1808	0.12
0.2747	0.166	0.12
0.2718	0.152	0.12
0.2693	0.1408	0.12
0.267	0.13	0.12
0.3093	0.2859	0.12
0.3084	0.2622	0.12
0.3076	0.2416	0.12
0.3066	0.2228	0.12
0.3056	0.206	0.12
0.3045	0.1905	0.12
0.3035	0.1755	0.12
0.3028	0.1621	0.12
0.3016	0.15	0.12
0.3162	0.2902	0.12
0.321	0.2686	0.12
0.3248	0.2493	0.12
0.328	0.2318	0.12
0.3306	0.2162	0.12
0.3331	0.2014	0.12
0.3351	0.1875	0.12
0.337	0.1756	0.12
0.3231	0.2951	0.12
0.334	0.277	0.12
0.3442	0.2595	0.12
0.3533	0.2438	0.12
0.3608	0.2301	0.12
0.3683	0.2162	0.12
0.3748	0.2039	0.12
0.3807	0.1923	0.12
0.331	0.301	0.12
0.3491	0.2872	0.12
0.3671	0.2733	0.12
0.3833	0.26	0.12
0.396	0.2489	0.12
0.4104	0.2361	0.12
0.4225	0.2249	0.12
0.3371	0.3061	0.12
0.3612	0.2963	0.12
0.385	0.2859	0.12
0.4072	0.275	0.12
0.4259	0.2651	0.12
0.445	0.2541	0.12
0.4629	0.2437	0.12
0.3332	0.3131	0.1977
0.3594	0.309	0.1977
0.3851	0.3039	0.1977
0.4105	0.298	0.1977
0.4332	0.2918	0.1977
0.4579	0.2841	0.1977
0.4767	0.2776	0.1977
0.4986	0.2695	0.1977
0.336	0.3158	0.1977
0.366	0.3148	0.1977
0.396	0.313	0.1977
0.4252	0.3101	0.1977
0.4533	0.3058	0.1977
0.482	0.3002	0.1977
0.5047	0.295	0.1977
0.53	0.288	0.1977
0.3392	0.3192	0.1977
0.374	0.322	0.1977
0.4078	0.3238	0.1977
0.4413	0.324	0.1977
0.4747	0.3227	0.1977
0.5071	0.3194	0.1977
0.5341	0.3158	0.1977
0.5637	0.3102	0.1977
0.5918	0.3038	0.1977
0.3425	0.3229	0.1977
0.3806	0.3294	0.1977
0.418	0.3348	0.1977
0.4563	0.3387	0.1977
0.4927	0.3399	0.1977
0.528	0.3389	0.1977
0.559	0.337	0.1977
0.5901	0.3331	0.1977
0.6161	0.3277	0.1977
0.3465	0.3278	0.1977
0.3879	0.3398	0.1977
0.4299	0.3499	0.1977
0.4713	0.3575	0.1977
0.5113	0.363	0.1977
0.5481	0.366	0.1977
0.5771	0.3664	0.1977
0.3506	0.3337	0.1977
0.3925	0.3494	0.1977
0.4365	0.364	0.1977
0.4795	0.3758	0.1977
0.5175	0.3844	0.1977
0.5482	0.3909	0.1977
0.353	0.3395	0.1977
0.3968	0.3614	0.1977
0.442	0.3808	0.1977
0.483	0.396	0.1977
0.5161	0.4064	0.1977
0.354	0.3445	0.1977
0.3991	0.3714	0.1977
0.444	0.3954	0.1977
0.482	0.4141	0.1977
0.3546	0.3514	0.1977
0.3995	0.384	0.1977
0.4428	0.4128	0.1977
0.477	0.4338	0.1977
0.3534	0.357	0.1977
0.3968	0.3954	0.1977
0.438	0.4292	0.1977
0.4685	0.4524	0.1977
0.35	0.362	0.1977
0.3915	0.4057	0.1977
0.4302	0.4435	0.1977
0.347	0.364	0.1977
0.385	0.412	0.1977
0.4199	0.4551	0.1977
0.3422	0.3648	0.1977
0.3762	0.4158	0.1977
0.4072	0.4621	0.1977
0.3352	0.3636	0.1977
0.3621	0.4143	0.1977
0.3879	0.4646	0.1977
0.3289	0.3612	0.1977
0.3482	0.4097	0.1977
0.3663	0.4614	0.1977
0.3815	0.5093	0.1977
0.3188	0.356	0.1977
0.3274	0.3994	0.1977
0.3354	0.4483	0.1977
0.3412	0.4976	0.1977
0.3451	0.549	0.1977
0.311	0.3508	0.1977
0.3111	0.3881	0.1977
0.3108	0.4301	0.1977
0.308	0.4759	0.1977
0.3028	0.5237	0.1977
0.303	0.3445	0.1977
0.2943	0.3735	0.1977
0.2841	0.4045	0.1977
0.271	0.438	0.1977
0.2978	0.3392	0.1977
0.2841	0.3628	0.1977
0.269	0.386	0.1977
0.2945	0.3355	0.1977
0.2775	0.3545	0.1977
0.2598	0.3724	0.1977
0.291	0.331	0.1977
0.2711	0.3455	0.1977
0.2519	0.3587	0.1977
0.288	0.327	0.1977
0.2659	0.3369	0.1977
0.2448	0.3452	0.1977
0.2841	0.321	0.1977
0.2591	0.3246	0.1977
0.236	0.327	0.1977
0.2812	0.3161	0.1977
0.255	0.315	0.1977
0.2292	0.3125	0.1977
0.2796	0.3111	0.1977
0.2512	0.304	0.1977
0.2234	0.2952	0.1977
0.2791	0.3071	0.1977
0.2492	0.2954	0.1977
0.221	0.2823	0.1977
0.2794	0.3032	0.1977
0.2493	0.2879	0.1977
0.2215	0.2701	0.1977
0.2803	0.3	0.1977
0.2511	0.2808	0.1977
0.2248	0.2612	0.1977
0.2821	0.2966	0.1977
0.2547	0.2757	0.1977
0.2299	0.2548	0.1977
0.2067	0.2344	0.1977
0.2847	0.2942	0.1977
0.26	0.272	0.1977
0.2365	0.2488	0.1977
0.2157	0.2278	0.1977
0.1968	0.2078	0.1977
0.2882	0.2923	0.1977
0.2662	0.2687	0.1977
0.2447	0.2449	0.1977
0.2255	0.2239	0.1977
0.208	0.2041	0.1977
0.1918	0.1858	0.1977
0.2918	0.2908	0.1977
0.2739	0.2666	0.1977
0.2563	0.2417	0.1977
0.2417	0.2204	0.1977
0.2285	0.202	0.1977
0.2157	0.183	0.1977
0.2042	0.1661	0.1977
0.1945	0.1511	0.1977
0.1862	0.1365	0.1977
0.1794	0.1239	0.1977
0.2959	0.2905	0.1977
0.2821	0.2659	0.1977
0.2686	0.2412	0.1977
0.2572	0.2211	0.1977
0.2478	0.203	0.1977
0.2384	0.1857	0.1977
0.2299	0.1698	0.1977
0.2224	0.1555	0.1977
0.2174	0.1444	0.1977
0.2121	0.1329	0.1977
0.2082	0.1225	0.1977
0.3	0.2912	0.1977
0.2898	0.2667	0.1977
0.2806	0.2444	0.1977
0.2728	0.224	0.1977
0.2665	0.2075	0.1977
0.2608	0.1913	0.1977
0.256	0.1774	0.1977
0.2515	0.1644	0.1977
0.2476	0.1532	0.1977
0.2438	0.1419	0.1977
0.2402	0.1315	0.1977
0.2372	0.1223	0.1977
0.2348	0.114	0.1977
0.3045	0.2928	0.1977
0.2986	0.2699	0.1977
0.2932	0.2487	0.1977
0.2885	0.2296	0.1977
0.2845	0.2137	0.1977
0.2806	0.1977	0.1977
0.2775	0.1847	0.1977
0.2744	0.1718	0.1977
0.2718	0.1604	0.1977
0.2694	0.1499	0.1977
0.2673	0.1398	0.1977
0.2652	0.1304	0.1977
0.2635	0.1224	0.1977
0.3103	0.2959	0.1977
0.31	0.275	0.1977
0.3093	0.2555	0.1977
0.3087	0.2375	0.1977
0.308	0.223	0.1977
0.3071	0.208	0.1977
0.3068	0.1951	0.1977
0.306	0.183	0.1977
0.3052	0.1711	0.1977
0.3042	0.1606	0.1977
0.3038	0.15	0.1977
0.3148	0.2986	0.1977
0.3198	0.2807	0.1977
0.3243	0.263	0.1977
0.328	0.2464	0.1977
0.3308	0.2328	0.1977
0.3335	0.2187	0.1977
0.336	0.2066	0.1977
0.3382	0.1951	0.1977
0.3401	0.184	0.1977
0.3422	0.1735	0.1977
0.3199	0.3019	0.1977
0.3298	0.2869	0.1977
0.3396	0.2718	0.1977
0.349	0.257	0.1977
0.356	0.2452	0.1977
0.3635	0.2325	0.1977
0.3703	0.2211	0.1977
0.3763	0.2108	0.1977
0.3821	0.2007	0.1977
0.3873	0.1909	0.1977
0.3256	0.3065	0.1977
0.3421	0.2954	0.1977
0.3585	0.2842	0.1977
0.3748	0.2729	0.1977
0.388	0.263	0.1977
0.4022	0.2523	0.1977
0.4142	0.2428	0.1977
0.4261	0.2331	0.1977
0.4372	0.2242	0.1977
0.3296	0.3098	0.1977
0.3515	0.3024	0.1977
0.3726	0.2941	0.1977
0.3932	0.2852	0.1977
0.4108	0.2773	0.1977
0.4303	0.2675	0.1977
0.4454	0.2596	0.1977
0.4617	0.2506	0.1977
0.4761	0.2421	0.1977
0.3292	0.3141	0.3005
0.3508	0.3112	0.3005
0.374	0.3074	0.3005
0.393	0.3038	0.3005
0.415	0.2989	0.3005
0.436	0.2936	0.3005
0.4552	0.2881	0.3005
0.4781	0.2812	0.3005
0.4961	0.2751	0.3005
0.3318	0.3166	0.3005
0.3566	0.3163	0.3005
0.3832	0.3158	0.3005
0.4065	0.3144	0.3005
0.432	0.3118	0.3005
0.4568	0.3082	0.3005
0.479	0.3041	0.3005
0.5041	0.2983	0.3005
0.5262	0.2928	0.3005
0.3343	0.319	0.3005
0.3628	0.3221	0.3005
0.3921	0.3244	0.3005
0.4187	0.3251	0.3005
0.448	0.325	0.3005
0.476	0.3234	0.3005
0.502	0.3212	0.3005
0.5297	0.3179	0.3005
0.5552	0.3138	0.3005
0.3381	0.3228	0.3005
0.3692	0.3291	0.3005
0.4	0.334	0.3005
0.4318	0.3383	0.3005
0.4655	0.3412	0.3005
0.4961	0.3428	0.3005
0.5265	0.3431	0.3005
0.556	0.342	0.3005
0.5829	0.3396	0.3005
0.3417	0.3268	0.3005
0.3768	0.3381	0.3005
0.4103	0.3473	0.3005
0.4449	0.355	0.3005
0.4812	0.3619	0.3005
0.515	0.3667	0.3005
0.5468	0.3697	0.3005
0.5741	0.3713	0.3005
0.3453	0.3321	0.3005
0.3806	0.3467	0.3005
0.418	0.36	0.3005
0.4533	0.3708	0.3005
0.4891	0.3806	0.3005
0.5215	0.3887	0.3005
0.5488	0.3947	0.3005
0.3474	0.3373	0.3005
0.384	0.3564	0.3005
0.4229	0.375	0.3005
0.4592	0.39	0.3005
0.4921	0.4022	0.3005
0.5199	0.4119	0.3005
0.3487	0.3421	0.3005
0.386	0.3652	0.3005
0.4242	0.3876	0.3005
0.4596	0.4064	0.3005
0.4904	0.422	0.3005
0.3491	0.3483	0.3005
0.3861	0.3767	0.3005
0.424	0.403	0.3005
0.457	0.4249	0.3005
0.4843	0.4416	0.3005
0.348	0.354	0.3005
0.384	0.3867	0.3005
0.4203	0.4176	0.3005
0.4517	0.4421	0.3005
0.3457	0.358	0.3005
0.3794	0.3955	0.3005
0.414	0.4305	0.3005
0.4426	0.4588	0.3005
0.3431	0.3601	0.3005
0.3745	0.4004	0.3005
0.406	0.44	0.3005
0.4321	0.4719	0.3005
0.3398	0.3611	0.3005
0.3679	0.4033	0.3005
0.396	0.4452	0.3005
0.4201	0.4812	0.3005
0.3342	0.3607	0.3005
0.3572	0.4038	0.3005
0.3799	0.447	0.3005
0.4006	0.4885	0.3005
0.3288	0.3592	0.3005
0.3461	0.4008	0.3005
0.3622	0.4438	0.3005
0.3772	0.488	0.3005
0.3193	0.355	0.3005
0.3275	0.3922	0.3005
0.3351	0.4321	0.3005
0.3418	0.4768	0.3005
0.3463	0.5196	0.3005
0.3112	0.3496	0.3005
0.3124	0.3822	0.3005
0.3128	0.4175	0.3005
0.3116	0.4563	0.3005
0.3086	0.4949	0.3005
0.3037	0.5358	0.3005
0.3039	0.3437	0.3005
0.2967	0.3695	0.3005
0.2892	0.3963	0.3005
0.2799	0.4239	0.3005
0.269	0.453	0.3005
0.2988	0.3382	0.3005
0.2868	0.3595	0.3005
0.2748	0.3795	0.3005
0.2612	0.399	0.3005
0.2958	0.3344	0.3005
0.2807	0.3522	0.3005
0.2662	0.3672	0.3005
0.251	0.3829	0.3005
0.2929	0.3303	0.3005
0.2749	0.3443	0.3005
0.2591	0.3558	0.3005
0.242	0.3679	0.3005
0.2902	0.3268	0.3005
0.2702	0.3369	0.3005
0.2526	0.3448	0.3005
0.2872	0.3219	0.3005
0.2648	0.3262	0.3005
0.2441	0.329	0.3005
0.2849	0.3172	0.3005
0.2604	0.3169	0.3005
0.2384	0.3155	0.3005
0.2837	0.3132	0.3005
0.2578	0.3078	0.3005
0.2335	0.3015	0.3005
0.2835	0.3097	0.3005
0.2571	0.3008	0.3005
0.2312	0.2899	0.3005
0.2842	0.3063	0.3005
0.2579	0.2938	0.3005
0.232	0.2789	0.3005
0.2854	0.3037	0.3005
0.2602	0.2881	0.3005
0.2352	0.2708	0.3005
0.2132	0.2537	0.3005
0.2871	0.3012	0.3005
0.2637	0.284	0.3005
0.2399	0.265	0.3005
0.2189	0.2468	0.3005
0.2897	0.2991	0.3005
0.2684	0.2804	0.3005
0.2465	0.2599	0.3005
0.2274	0.2406	0.3005
0.2095	0.2225	0.3005
0.2923	0.2978	0.3005
0.2734	0.2778	0.3005
0.2533	0.2558	0.3005
0.236	0.2365	0.3005
0.2197	0.2188	0.3005
0.2026	0.1999	0.3005
0.1873	0.1822	0.3005
0.2955	0.2963	0.3005
0.2798	0.2752	0.3005
0.2638	0.2531	0.3005
0.2505	0.2347	0.3005
0.2378	0.2168	0.3005
0.2241	0.1975	0.3005
0.2119	0.1799	0.3005
0.2988	0.2961	0.3005
0.2863	0.2747	0.3005
0.274	0.2533	0.3005
0.2637	0.2352	0.3005
0.254	0.2176	0.3005
0.244	0.1998	0.3005
0.2352	0.1839	0.3005
0.2265	0.1671	0.3005
0.3016	0.296	0.3005
0.2932	0.2759	0.3005
0.2842	0.255	0.3005
0.277	0.2372	0.3005
0.2703	0.2204	0.3005
0.2647	0.2052	0.3005
0.2593	0.1909	0.3005
0.2548	0.1768	0.3005
0.2504	0.1658	0.3005
0.305	0.2967	0.3005
0.3001	0.2778	0.3005
0.295	0.2585	0.3005
0.2905	0.2421	0.3005
0.2862	0.226	0.3005
0.2829	0.2121	0.3005
0.2794	0.1979	0.3005
0.2761	0.1852	0.3005
0.2731	0.1738	0.3005
0.2702	0.1621	0.3005
0.3107	0.2993	0.3005
0.3107	0.2831	0.3005
0.3101	0.265	0.3005
0.3099	0.2502	0.3005
0.3092	0.235	0.3005
0.309	0.2222	0.3005
0.3084	0.2095	0.3005
0.308	0.1976	0.3005
0.3075	0.187	0.3005
0.3069	0.1745	0.3005
0.3062	0.1638	0.3005
0.3058	0.1547	0.3005
0.3146	0.3018	0.3005
0.3181	0.2871	0.3005
0.3226	0.2716	0.3005
0.3259	0.2584	0.3005
0.3293	0.245	0.3005
0.3321	0.2329	0.3005
0.3349	0.2203	0.3005
0.337	0.2095	0.3005
0.3388	0.1995	0.3005
0.3409	0.1882	0.3005
0.3426	0.1785	0.3005
0.3441	0.1698	0.3005
0.3188	0.3048	0.3005
0.3272	0.2929	0.3005
0.3362	0.2799	0.3005
0.3437	0.2688	0.3005
0.3509	0.2578	0.3005
0.3582	0.2462	0.3005
0.3652	0.2355	0.3005
0.3718	0.2251	0.3005
0.3773	0.2158	0.3005
0.3833	0.2056	0.3005
0.3877	0.1978	0.3005
0.3232	0.3085	0.3005
0.3371	0.3001	0.3005
0.352	0.2904	0.3005
0.3648	0.282	0.3005
0.3769	0.2738	0.3005
0.39	0.2646	0.3005
0.4023	0.2552	0.3005
0.4136	0.2467	0.3005
0.4245	0.2382	0.3005
0.4368	0.2283	0.3005
0.4449	0.2219	0.3005
0.3261	0.3113	0.3005
0.3439	0.3056	0.3005
0.3635	0.2987	0.3005
0.3791	0.2929	0.3005
0.396	0.286	0.3005
0.4125	0.2784	0.3005
0.4285	0.2705	0.3005
0.4448	0.2622	0.3005
0.4581	0.2549	0.3005
0.4735	0.2464	0.3005
0.3258	0.3148	0.4306
0.3446	0.3125	0.4306
0.3648	0.3098	0.4306
0.3851	0.3067	0.4306
0.404	0.303	0.4306
0.426	0.298	0.4306
0.4456	0.2931	0.4306
0.4648	0.2878	0.4306
0.3284	0.317	0.4306
0.3499	0.3171	0.4306
0.3728	0.317	0.4306
0.3961	0.316	0.4306
0.4183	0.3144	0.4306
0.4435	0.3119	0.4306
0.466	0.3082	0.4306
0.4885	0.3039	0.4306
0.3306	0.319	0.4306
0.3552	0.3222	0.4306
0.3805	0.3244	0.4306
0.4067	0.3256	0.4306
0.432	0.326	0.4306
0.4595	0.3252	0.4306
0.4848	0.3238	0.4306
0.3335	0.322	0.4306
0.3611	0.3282	0.4306
0.3888	0.3336	0.4306
0.4196	0.3382	0.4306
0.447	0.3413	0.4306
0.4777	0.3435	0.4306
0.5059	0.345	0.4306
0.5341	0.3452	0.4306
0.336	0.3253	0.4306
0.3671	0.336	0.4306
0.3984	0.3452	0.4306
0.4308	0.3533	0.4306
0.46	0.3596	0.4306
0.493	0.3659	0.4306
0.5234	0.37	0.4306
0.5519	0.3729	0.4306
0.3392	0.3298	0.4306
0.3715	0.3439	0.4306
0.4053	0.357	0.4306
0.4371	0.3679	0.4306
0.4671	0.3768	0.4306
0.5001	0.3861	0.4306
0.5297	0.3938	0.4306
0.3421	0.3349	0.4306
0.375	0.353	0.4306
0.4091	0.3701	0.4306
0.4402	0.3842	0.4306
0.4711	0.3972	0.4306
0.5007	0.4081	0.4306
0.3437	0.3397	0.4306
0.3772	0.3613	0.4306
0.4107	0.382	0.4306
0.4415	0.3996	0.4306
0.4704	0.4151	0.4306
0.497	0.4282	0.4306
0.3443	0.3454	0.4306
0.3778	0.3719	0.4306
0.4102	0.396	0.4306
0.4399	0.4164	0.4306
0.4667	0.4335	0.4306
0.3436	0.3507	0.4306
0.3761	0.38	0.4306
0.4073	0.4073	0.4306
0.4353	0.4312	0.4306
0.4606	0.4516	0.4306
0.3419	0.354	0.4306
0.3718	0.3885	0.4306
0.4009	0.4198	0.4306
0.4271	0.4462	0.4306
0.4509	0.4696	0.4306
0.3396	0.3558	0.4306
0.3677	0.3925	0.4306
0.3943	0.4264	0.4306
0.4184	0.4568	0.4306
0.3369	0.3569	0.4306
0.3624	0.3951	0.4306
0.3864	0.4305	0.4306
0.409	0.4641	0.4306
0.3328	0.3569	0.4306
0.3534	0.3953	0.4306
0.3728	0.4316	0.4306
0.3919	0.4684	0.4306
0.4091	0.503	0.4306
0.3284	0.3559	0.4306
0.3437	0.3929	0.4306
0.3581	0.4291	0.4306
0.3722	0.4669	0.4306
0.3852	0.5051	0.4306
0.319	0.3516	0.4306
0.3267	0.3848	0.4306
0.3341	0.4191	0.4306
0.3406	0.4558	0.4306
0.3461	0.495	0.4306
0.3502	0.5328	0.4306
0.3117	0.3469	0.4306
0.3133	0.3764	0.4306
0.3142	0.4058	0.4306
0.314	0.4387	0.4306
0.3123	0.4732	0.4306
0.3092	0.5095	0.4306
0.3047	0.5458	0.4306
0.3047	0.3413	0.4306
0.2992	0.3644	0.4306
0.2933	0.3873	0.4306
0.2861	0.4129	0.4306
0.2775	0.4395	0.4306
0.3001	0.3366	0.4306
0.2902	0.3548	0.4306
0.2801	0.3721	0.4306
0.2687	0.3901	0.4306
0.2554	0.4087	0.4306
0.2972	0.3333	0.4306
0.285	0.3482	0.4306
0.2728	0.3622	0.4306
0.2595	0.3764	0.4306
0.2945	0.3297	0.4306
0.2803	0.3415	0.4306
0.2662	0.3526	0.4306
0.2513	0.3635	0.4306
0.2927	0.3269	0.4306
0.2764	0.3354	0.4306
0.2608	0.343	0.4306
0.2439	0.3508	0.4306
0.2898	0.3225	0.4306
0.2712	0.3269	0.4306
0.2543	0.3302	0.4306
0.2354	0.3335	0.4306
0.2878	0.3182	0.4306
0.2671	0.3189	0.4306
0.249	0.3186	0.4306
0.2292	0.3178	0.4306
0.2869	0.3143	0.4306
0.2642	0.3109	0.4306
0.2448	0.3069	0.4306
0.2235	0.3014	0.4306
0.2867	0.311	0.4306
0.2629	0.3038	0.4306
0.2418	0.296	0.4306
0.2208	0.2871	0.4306
0.2875	0.3078	0.4306
0.2633	0.2972	0.4306
0.241	0.2854	0.4306
0.2204	0.2729	0.4306
0.2888	0.3058	0.4306
0.2651	0.2927	0.4306
0.2436	0.2787	0.4306
0.2225	0.2631	0.4306
0.2908	0.3039	0.4306
0.2685	0.2886	0.4306
0.2478	0.2728	0.4306
0.2277	0.2559	0.4306
0.2078	0.2382	0.4306
0.2932	0.3025	0.4306
0.2729	0.2848	0.4306
0.2538	0.2677	0.4306
0.2352	0.2498	0.4306
0.2162	0.2309	0.4306
0.2952	0.3011	0.4306
0.2773	0.2828	0.4306
0.2596	0.2643	0.4306
0.2427	0.2458	0.4306
0.2254	0.2267	0.4306
0.2982	0.3003	0.4306
0.2833	0.2809	0.4306
0.2687	0.2612	0.4306
0.2546	0.2418	0.4306
0.241	0.2224	0.4306
0.3005	0.3	0.4306
0.2886	0.2801	0.4306
0.2776	0.2612	0.4306
0.267	0.2425	0.4306
0.2563	0.224	0.4306
0.2465	0.2058	0.4306
0.3031	0.3	0.4306
0.295	0.281	0.4306
0.2873	0.2633	0.4306
0.2799	0.2459	0.4306
0.2729	0.2289	0.4306
0.2664	0.2127	0.4306
0.3059	0.301	0.4306
0.3009	0.2831	0.4306
0.2961	0.2663	0.4306
0.2918	0.2504	0.4306
0.2872	0.2343	0.4306
0.2833	0.2197	0.4306
0.2801	0.2068	0.4306
0.3109	0.3037	0.4306
0.3111	0.288	0.4306
0.3111	0.273	0.4306
0.3109	0.2584	0.4306
0.3108	0.2442	0.4306
0.3104	0.232	0.4306
0.3101	0.2192	0.4306
0.3099	0.2074	0.4306
0.3093	0.1962	0.4306
0.3138	0.3054	0.4306
0.3181	0.292	0.4306
0.3221	0.2786	0.4306
0.3256	0.2654	0.4306
0.3288	0.2531	0.4306
0.3314	0.2423	0.4306
0.3341	0.2308	0.4306
0.3368	0.2192	0.4306
0.3391	0.2088	0.4306
0.341	0.1988	0.4306
0.343	0.1883	0.4306
0.317	0.3076	0.4306
0.3254	0.2971	0.4306
0.3338	0.2854	0.4306
0.3417	0.2745	0.4306
0.3487	0.2648	0.4306
0.3555	0.2545	0.4306
0.362	0.2448	0.4306
0.3688	0.2342	0.4306
0.3751	0.2241	0.4306
0.3811	0.2143	0.4306
0.3206	0.3104	0.4306
0.3332	0.3032	0.4306
0.347	0.2949	0.4306
0.3603	0.2869	0.4306
0.3713	0.2798	0.4306
0.3841	0.271	0.4306
0.3958	0.2628	0.4306
0.4076	0.254	0.4306
0.4186	0.2459	0.4306
0.3232	0.3125	0.4306
0.3389	0.3079	0.4306
0.3562	0.3022	0.4306
0.3722	0.2963	0.4306
0.3871	0.2906	0.4306
0.404	0.2834	0.4306
0.4195	0.2762	0.4306
0.4346	0.2689	0.4306
0.3218	0.3152	0.591
0.3412	0.3135	0.591
0.36	0.3112	0.591
0.38	0.3082	0.591
0.3983	0.3049	0.591
0.3236	0.3169	0.591
0.346	0.3177	0.591
0.3671	0.3175	0.591
0.39	0.3171	0.591
0.4125	0.316	0.591
0.3254	0.3186	0.591
0.351	0.3224	0.591
0.3743	0.3248	0.591
0.4001	0.3263	0.591
0.4249	0.327	0.591
0.3277	0.3211	0.591
0.3564	0.3279	0.591
0.383	0.3335	0.591
0.4118	0.3385	0.591
0.4388	0.3419	0.591
0.3301	0.3237	0.591
0.3621	0.3349	0.591
0.391	0.3442	0.591
0.4212	0.3526	0.591
0.449	0.3589	0.591
0.3334	0.3276	0.591
0.3667	0.3429	0.591
0.396	0.3547	0.591
0.4275	0.3662	0.591
0.4552	0.3761	0.591
0.4852	0.3847	0.591
0.3373	0.333	0.591
0.369	0.351	0.591
0.3988	0.3663	0.591
0.431	0.382	0.591
0.4576	0.3938	0.591
0.4849	0.405	0.591
0.5088	0.4145	0.591
0.3395	0.3379	0.591
0.3699	0.3586	0.591
0.4	0.377	0.591
0.4306	0.3952	0.591
0.4568	0.41	0.591
0.4816	0.4232	0.591
0.3407	0.3434	0.591
0.3701	0.3674	0.591
0.3994	0.3896	0.591
0.428	0.4102	0.591
0.4527	0.4268	0.591
0.4753	0.4414	0.591
0.3406	0.3484	0.591
0.3684	0.3751	0.591
0.3969	0.4009	0.591
0.4231	0.4231	0.591
0.4469	0.4423	0.591
0.4678	0.4589	0.591
0.3394	0.3518	0.591
0.365	0.3826	0.591
0.3913	0.4117	0.591
0.4158	0.4378	0.591
0.4376	0.4601	0.591
0.3379	0.354	0.591
0.3622	0.3861	0.591
0.3862	0.4175	0.591
0.4088	0.4466	0.591
0.4283	0.4712	0.591
0.3359	0.3552	0.591
0.3581	0.3883	0.591
0.3803	0.4216	0.591
0.4008	0.452	0.591
0.419	0.4791	0.591
0.3327	0.3555	0.591
0.3504	0.3887	0.591
0.369	0.423	0.591
0.3858	0.455	0.591
0.4021	0.4869	0.591
0.3284	0.3542	0.591
0.3433	0.3872	0.591
0.3573	0.4214	0.591
0.3696	0.4542	0.591
0.3816	0.4879	0.591
0.3194	0.3502	0.591
0.3266	0.3809	0.591
0.3339	0.4129	0.591
0.3408	0.4452	0.591
0.3463	0.4791	0.591
0.3511	0.5144	0.591
0.3121	0.3459	0.591
0.314	0.3727	0.591
0.315	0.4014	0.591
0.3149	0.4284	0.591
0.314	0.4601	0.591
0.3124	0.4926	0.591
0.3091	0.5247	0.591
0.3043	0.5578	0.591
0.3053	0.3404	0.591
0.3009	0.3614	0.591
0.2952	0.3851	0.591
0.2896	0.4065	0.591
0.2829	0.4301	0.591
0.2743	0.4554	0.591
0.3009	0.3359	0.591
0.2924	0.3523	0.591
0.2822	0.3702	0.591
0.2723	0.3865	0.591
0.2613	0.4026	0.591
0.2981	0.3326	0.591
0.2874	0.3464	0.591
0.2754	0.3608	0.591
0.2639	0.3733	0.591
0.2515	0.3867	0.591
0.2957	0.3293	0.591
0.2828	0.3403	0.591
0.2693	0.3512	0.591
0.2564	0.3611	0.591
0.243	0.371	0.591
0.294	0.3268	0.591
0.2791	0.3351	0.591
0.2647	0.3429	0.591
0.25	0.35	0.591
0.2919	0.3228	0.591
0.2752	0.3278	0.591
0.2588	0.3318	0.591
0.2419	0.3352	0.591
0.29	0.3183	0.591
0.2718	0.32	0.591
0.2525	0.3198	0.591
0.2352	0.3198	0.591
0.2894	0.3152	0.591
0.2686	0.313	0.591
0.2489	0.3099	0.591
0.2302	0.3063	0.591
0.2897	0.3124	0.591
0.2668	0.3067	0.591
0.2462	0.3	0.591
0.2264	0.2923	0.591
0.2908	0.3096	0.591
0.2671	0.2998	0.591
0.2457	0.2888	0.591
0.2237	0.2761	0.591
0.2922	0.3077	0.591
0.2688	0.2956	0.591
0.2472	0.2821	0.591
0.2252	0.2668	0.591
0.2935	0.3062	0.591
0.2718	0.2911	0.591
0.2512	0.276	0.591
0.2294	0.2587	0.591
0.2957	0.3047	0.591
0.2758	0.2879	0.591
0.2562	0.2709	0.591
0.2974	0.3039	0.591
0.2798	0.2861	0.591
0.2614	0.267	0.591
0.3003	0.3034	0.591
0.2856	0.2846	0.591
0.2702	0.2648	0.591
0.3027	0.3035	0.591
0.2911	0.2848	0.591
0.2792	0.2649	0.591
0.2677	0.2443	0.591
0.3048	0.304	0.591
0.2962	0.285	0.591
0.2881	0.2671	0.591
0.28	0.2488	0.591
0.3065	0.3047	0.591
0.3012	0.2868	0.591
0.2963	0.2704	0.591
0.2914	0.2534	0.591
0.287	0.238	0.591
0.3107	0.307	0.591
0.3114	0.2915	0.591
0.3114	0.2785	0.591
0.3116	0.2626	0.591
0.3116	0.2497	0.591
0.3117	0.237	0.591
0.3131	0.3084	0.591
0.3175	0.2955	0.591
0.3213	0.2829	0.591
0.325	0.27	0.591
0.3282	0.2582	0.591
0.3312	0.247	0.591
0.3342	0.2349	0.591
0.3154	0.31	0.591
0.3239	0.3	0.591
0.3327	0.2898	0.591
0.3406	0.2793	0.591
0.3479	0.2699	0.591
0.3552	0.2594	0.591
0.3621	0.2496	0.591
0.318	0.312	0.591
0.3308	0.3052	0.591
0.344	0.2978	0.591
0.357	0.29	0.591
0.3685	0.2828	0.591
0.3818	0.2742	0.591
0.32	0.3136	0.591
0.336	0.3092	0.591
0.3521	0.3042	0.591
0.3682	0.2983	0.591
0.383	0.293	0.591
0.4002	0.2859	0.591
0.3205	0.3155	0.7866
0.34	0.314	0.7866
0.359	0.3118	0.7866
0.321	0.3168	0.7866
0.3445	0.3179	0.7866
0.3665	0.3183	0.7866
0.324	0.3188	0.7866
0.3495	0.3226	0.7866
0.3734	0.3256	0.7866
0.3263	0.321	0.7866
0.3551	0.3283	0.7866
0.3812	0.3348	0.7866
0.3284	0.3233	0.7866
0.36	0.3348	0.7866
0.388	0.3439	0.7866
0.332	0.3273	0.7866
0.3641	0.3422	0.7866
0.3927	0.355	0.7866
0.3353	0.3325	0.7866
0.3668	0.3509	0.7866
0.3948	0.3659	0.7866
0.338	0.3377	0.7866
0.3679	0.3585	0.7866
0.395	0.3763	0.7866
0.422	0.393	0.7866
0.3392	0.343	0.7866
0.3677	0.3668	0.7866
0.3941	0.3877	0.7866
0.4199	0.4069	0.7866
0.339	0.3472	0.7866
0.3655	0.3738	0.7866
0.391	0.3972	0.7866
0.4154	0.4186	0.7866
0.437	0.4369	0.7866
0.4569	0.4527	0.7866
0.3378	0.3504	0.7866
0.3621	0.3799	0.7866
0.3858	0.4071	0.7866
0.408	0.4319	0.7866
0.4275	0.4529	0.7866
0.4455	0.4719	0.7866
0.3365	0.3527	0.7866
0.3591	0.3832	0.7866
0.3811	0.4123	0.7866
0.4019	0.4392	0.7866
0.4201	0.4622	0.7866
0.4369	0.4829	0.7866
0.3349	0.3537	0.7866
0.3558	0.3852	0.7866
0.3761	0.4155	0.7866
0.3957	0.445	0.7866
0.412	0.4694	0.7866
0.3321	0.3539	0.7866
0.3499	0.3866	0.7866
0.367	0.4178	0.7866
0.3834	0.449	0.7866
0.3973	0.4761	0.7866
0.4108	0.5028	0.7866
0.3284	0.3534	0.7866
0.3437	0.3861	0.7866
0.3572	0.4179	0.7866
0.3698	0.4497	0.7866
0.381	0.4791	0.7866
0.3911	0.5082	0.7866
0.3198	0.35	0.7866
0.3274	0.3793	0.7866
0.3351	0.4111	0.7866
0.3414	0.4415	0.7866
0.3471	0.4735	0.7866
0.3518	0.5042	0.7866
0.3551	0.5339	0.7866
0.3124	0.3454	0.7866
0.3144	0.3711	0.7866
0.3153	0.4008	0.7866
0.3157	0.4259	0.7866
0.3155	0.4558	0.7866
0.3139	0.4829	0.7866
0.3115	0.5129	0.7866
0.3079	0.544	0.7866
0.3032	0.5748	0.7866
0.3058	0.34	0.7866
0.3018	0.3606	0.7866
0.2966	0.3846	0.7866
0.2912	0.4054	0.7866
0.2851	0.4275	0.7866
0.2786	0.4491	0.7866
0.3017	0.3357	0.7866
0.2933	0.3519	0.7866
0.2832	0.3697	0.7866
0.2735	0.3854	0.7866
0.2639	0.4001	0.7866
0.2987	0.3323	0.7866
0.2882	0.3461	0.7866
0.2763	0.3607	0.7866
0.2652	0.3738	0.7866
0.2545	0.3855	0.7866
0.2965	0.3293	0.7866
0.284	0.3402	0.7866
0.2703	0.3513	0.7866
0.2574	0.3618	0.7866
0.2457	0.3702	0.7866
0.2947	0.3267	0.7866
0.2805	0.3349	0.7866
0.2652	0.3433	0.7866
0.2509	0.3507	0.7866
0.2382	0.3568	0.7866
0.293	0.3232	0.7866
0.2768	0.3287	0.7866
0.2599	0.3338	0.7866
0.2437	0.3378	0.7866
0.2911	0.3188	0.7866
0.2728	0.3208	0.7866
0.2543	0.322	0.7866
0.2361	0.3225	0.7866
0.2907	0.3159	0.7866
0.27	0.314	0.7866
0.2501	0.3118	0.7866
0.2909	0.3125	0.7866
0.268	0.3073	0.7866
0.2919	0.3102	0.7866
0.2675	0.3005	0.7866
0.2937	0.3087	0.7866
0.2688	0.2961	0.7866
0.2949	0.3076	0.7866
0.2712	0.2924	0.7866
0.2975	0.3063	0.7866
0.2991	0.3057	0.7866
0.3015	0.3052	0.7866
0.3038	0.3054	0.7866
0.291	0.285	0.7866
0.305	0.3051	0.7866
0.2963	0.2865	0.7866
0.3067	0.306	0.7866
0.3003	0.287	0.7866
0.3107	0.3081	0.7866
0.3117	0.2928	0.7866
0.312	0.2788	0.7866
0.3128	0.3094	0.7866
0.3176	0.2966	0.7866
0.3218	0.2845	0.7866
0.3149	0.3108	0.7866
0.3234	0.301	0.7866
0.3322	0.291	0.7866
0.3172	0.3126	0.7866
0.3301	0.306	0.7866
0.3431	0.2988	0.7866
0.319	0.3141	0.7866
0.335	0.3099	0.7866
0.3512	0.3052	0.7866

